"metryczka.plec","metryczka.wiek","metryczka.miejsce","metryczka.wyksztalcenie","metryczka.nauka","metryczka.praca","metryczka.osoby","metryczka.dzieci","metryczka.zakupy","metryczka.przygotowanie","metryczka.sytuacja","metryczka.wiedza","metryczka.dieta","fcq.dieta_kalorie","fcq.cena_wartosc","fcq.eko_opakowana","fcq.eko_produkowana","fcq.dieta_tluszcz","fcq.pol_pochodzenie","fcq.eko_bezgmo","fcq.dieta_wit-i-min","fcq.dieta_bezdodatkow","fcq.dieta_odzywcza","fcq.dieta_bialko","fcq.dieta_naturalna","fcq.hed_zdziecinstwa","fcq.hed_odprezajaca","fcq.hed_wygodna","frl.nowe_zawartosc","frl.dieta_odzywcza","frl.cena_info","frl.nowe_etykiety","frl.dieta_naturalna","frl.dieta_bezdodatkow","frl.dieta_wartosc","fns.nowe_ufnosc","fns.nowe_przyjecia","cet.pol_bezrobocie","cet.pol_niedostepne","cet.pol_nieprodukowane","mgr.nowe_marki","mgr.hed_przepis","mgr.hed_przyjemnosc","mgr.hed_niesmaczna","mgr.pol_swieza","mgr.pol_tania","mgr.pol_smaczna","mgr.nowe_sklad","mgr.hed_wrazenie","mgr.hed_zakupy","mgr.hed_szybko","ziemniak.cena","ziemniak.miejsce","ziemniak.swiezosc","ziemniak.rodzaj","ziemniak.kraj","ziemniak.barwa","ziemniak.wyglad","ziemniak.spozycie","ziemniak.okres","ziemniak.sklep","ziemniak.opakowanie","ziemniak.obrobka","ziemniak.potrawy","ziemniak.zdrowotnosc","ziemniak.smak","ziemniak.jakosc","ziemniak.produkty","pomidor.cena","pomidor.miejsce","pomidor.swiezosc","pomidor.rodzaj","pomidor.kraj","pomidor.barwa","pomidor.slodkosc","pomidor.miekkosc","pomidor.spozycie","pomidor.okres","pomidor.sklep","pomidor.obrobka","pomidor.potrawy","pomidor.zdrowotnosc","pomidor.smak","pomidor.jakosc","pomidor.produkty","jablko.cena","jablko.miejsce","jablko.swiezosc","jablko.rodzaj","jablko.kraj","jablko.barwa","jablko.miekkosc","jablko.slodkosc","jablko.spozycie","jablko.okres","jablko.sklep","jablko.obrobka","jablko.potrawy","jablko.zdrowotnosc","jablko.smak","jablko.jakosc","jablko.produkty","pomarancza.cena","pomarancza.miejsce","pomarancza.swiezosc","pomarancza.rodzaj","pomarancza.kraj","pomarancza.barwa","pomarancza.miekkosc","pomarancza.slodkosc","pomarancza.spozycie","pomarancza.okres","pomarancza.sklep","pomarancza.obrobka","pomarancza.potrawy","pomarancza.zdrowotnosc","pomarancza.smak","pomarancza.jakosc","pomarancza.produkty","makaron.cena","makaron.miejsce","makaron.swiezosc","makaron.rodzaj","makaron.kraj","makaron.barwa","makaron.marka","makaron.spozycie","makaron.okres","makaron.sklep","makaron.obrobka","makaron.potrawy","makaron.zdrowotnosc","makaron.smak","makaron.jakosc","platki.cena","platki.miejsce","platki.swiezosc","platki.rodzaj","platki.kraj","platki.blonnik","platki.marka","platki.sklep","platki.spozycie","platki.obrobka","platki.potrawy","platki.zdrowotnosc","platki.smak","platki.jakosc","pieczywo.cena","pieczywo.miejsce","pieczywo.swiezosc","pieczywo.rodzaj","pieczywo.kraj","pieczywo.barwa","pieczywo.ziarna","pieczywo.blonnik","pieczywo.sklep","pieczywo.spozycie","pieczywo.opakowanie","pieczywo.obrobka","pieczywo.potrawy","pieczywo.zdrowotnosc","pieczywo.smak","pieczywo.jakosc"
"1",0,23,877737.6,0.75,1,0.5,4,2,0.5,0,0.5,5,0,4,7,5,5,6,4,7,6,5,7,5,6,3,5,6,7,3,5,5,4,3,3,2,6,4,5,6,6,6,7,5,5,5,2,3,3,5,7,3,6,8,8,4,5,7,30,0,0,0.166666666666667,5,5,3,4,5,0.142857142857143,4,6,8,7,2,9,4,9,24,0,0.75,4,5,3,4,2,0.555555555555556,3,6,8,5,7,8,8,1,24,0,0.25,4,4,3,2,5,0.5,6,3,8,7,7,5,3,3,32,1,0.75,3,2,3,3,3,0.25,4,3,2,7,0,0,4,15.6666666666667,0,0.5,4,5,3,5,4,7,3,3,9,3,4,6,0.75,20,5,5,3,5,5,7,9,9,9,5,7,6,7,0.25,300,0,2,4,3,5,5
"3",1,22,877737.6,0.5,1,1,3,0,1,0,1,3,0,4,5,5,5,5,6,7,7,7,7,4,6,5,4,4,4,3,2,3,4,4,4,4,6,2,5,5,4,2,6,6,2,2,4,2,3,5,5,NA,NA,NA,NA,NA,NA,NA,0,0,NA,NA,3,4,3,3,3,0,NA,NA,NA,NA,NA,NA,NA,NA,0,0,NA,3,4,4,3,3,0.333333333333333,2,3,7,7,6,5,5,7,24,0,0.25,2,3,4,4,3,0.666666666666667,2,3,7,6,5,4,5,4,8,0,1,3,3,3,4,3,0.25,2,3,3,7,5,6,6,14.6666666666667,0,1,1,4,3,3,3,2,4,4,7,5,5,5,1,6.66666666666667,1,2,4,4,3,2,6,7,8,8,8,9,6,0.5,11.6666666666667,0,3,2,3,4,3
"4",0,24,877737.6,1,0,1,1,0,1,1,1,5,0,1,6,4,5,6,6,7,7,7,7,4,6,4,1,1,7,5,5,5,7,7,4,6,7,1,4,4,7,5,4,6,5,3,6,4,1,3,6,0,7,8,7,10,6,6,34,0,0.25,0,1,5,5,5,5,0.285714285714286,7,8,10,5,5,8,3,9,26.6666666666667,0,0.75,1,5,5,5,5,0.555555555555556,6,8,10,8,10,8,8,2,6,0,0.25,2,4,5,4,5,0.333333333333333,7,4,7,5,2,4,7,4,8,0,0.75,3,4,5,3,3,0.25,8,0,6,5,0,0,0,37.9166666666667,0,0.75,1,5,3,5,5,4,0,3,9,0,6,6,0.75,33,1,3,5,5,5,0,3,10,10,6,7,8,8,0.75,111,0,1,5,5,5,5
"5",1,25,40611.441989,0.75,1,0,2,0,1,1,1,3,1,5,7,6,5,6,7,5,7,7,7,3,7,2,2,3,7,7,6,7,5,6,2,5,1,4,4,4,6,6,2,7,3,3,1,7,1,7,3,0,8,10,0,6,8,10,113.333333333333,0,0.5,0,1,5,5,5,5,0.142857142857143,8,8,10,10,10,10,6,10,6.66666666666667,1,0.25,2,4,5,5,5,0.444444444444444,0,6,9,10,10,7,9,2,6,0,0.25,1,4,5,5,5,0.5,10,0,10,7,0,9,6,2,20,1,0.75,4,1,4,2,4,0.25,8,0,0,8,0,8,9,41.6666666666667,0,0.75,4,4,3,4,5,0,10,10,10,0,7,0,0.25,40,4,2,5,5,5,7,10,10,10,10,10,7,6,0.5,45,0,2,2,4,5,5
"7",1,23,877737.6,0.75,1,0,1,0,1,0.5,1,4,1,6,6,7,4,4,5,5,7,5,7,4,5,4,4,4,7,7,6,7,7,6,7,4,4,4,3,3,5,5,5,3,5,4,4,6,4,6,5,7,7,10,8,7,4,4,21.25,0,0.25,0.333333333333333,1,5,5,5,5,0.142857142857143,7,10,10,8,5,5,2,9,102,1,0.75,1,5,5,5,5,0.111111111111111,6,5,7,10,6,10,10,4,60,0,0.75,1,5,5,5,5,0,7,5,8,5,4,6,6,1,8,1,0.75,1,5,5,5,5,0,5,3,2,9,2,7,3,14.6666666666667,0,0.75,1,5,3,5,5,4,0,0,0,0,10,0,0.75,40,1,3,5,5,5,6,4,0,10,10,3,10,10,0,84,NA,1,5,5,5,5
"8",1,23,877737.6,0.5,1,1,4,0,0,0.5,1,2,0,4,5,3,4,3,4,4,5,5,5,5,5,6,7,6,5,1,5,6,7,5,5,1,5,4,5,5,6,6,7,5,5,5,5,6,4,6,7,8,7,10,6,10,6,0,108,0,0.75,0.666666666666667,1,5,5,5,5,0.142857142857143,7,7,9,6,6,8,3,8,26.6666666666667,0,0.75,1,5,5,5,5,0.444444444444444,10,4,7,4,4,8,8,1,60,0,0.75,3,3,4,4,4,0.666666666666667,9,5,7,6,8,6,6,1,20,1,0.75,3,3,4,4,2,0.25,8,0,0,7,0,6,6,15.3333333333333,0,0.75,1,1,5,3,3,7,0,0,10,0,8,6,0.75,3.61111111111111,1,1,3,3,3,4,7,10,9,10,10,10,10,0.5,281.25,0.5,1,1,1,1,1
"9",1,19,40611.441989,0.5,0,0.5,3,1,0.5,0.5,1,3,0,1,6,7,6,3,6,6,7,5,7,6,7,3,4,1,6,2,2,2,6,4,6,4,5,1,6,6,5,6,6,3,6,4,5,2,3,6,2,6,5,7,6,7,7,5,153,0,0.75,0.333333333333333,2,4,2,3,3,0.428571428571429,7,5,7,8,6,9,3,8,80,1,0.75,1,5,4,4,4,0.555555555555556,6,5,6,7,7,4,5,4,108,1,0.75,2,4,5,4,4,0.666666666666667,6,6,8,5,8,6,6,2,32,1,0.75,2,3,5,4,3,0.5,4,3,6,6,1,7,5,36.6666666666667,0,0.75,1,5,3,4,4,7,1,7,8,2,8,4,0.75,3.95833333333333,1,3,4,4,4,6,5,9,8,3,8,8,8,0.75,70,0,1,2,3,4,4
"10",1,18,877737.6,0.25,1,0,5,3,1,1,1,4,0,2,6,6,5,5,4,7,7,7,7,7,7,4,5,5,7,7,5,7,7,7,4,4,5,3,3,4,2,1,5,5,1,2,2,6,2,5,5,8,8,10,4,3,7,4,14.1666666666667,0,0.75,0.666666666666667,3,4,3,2,2,0,NA,NA,NA,NA,NA,NA,NA,NA,0,0,NA,1,5,5,4,3,0.333333333333333,5,6,10,7,5,7,10,4,60,0,0.5,1,5,5,4,4,0.333333333333333,NA,NA,NA,NA,NA,NA,NA,NA,0,0,NA,4,2,4,3,3,0,0,8,5,7,8,8,10,9.58333333333333,0,1,1,4,2,4,3,0,8,8,8,0,10,6,0.5,50,1,5,5,5,5,2,10,10,10,0,10,7,10,0.25,75,0,1,3,4,5,5
"11",1,22,354.730635,0.5,1,0,3,0,0.5,1,1,4,1,5,7,6,5,2,7,7,7,5,7,3,7,4,4,4,6,6,3,6,7,5,6,4,6,5,7,7,7,3,5,7,4,4,7,4,2,6,4,4,8,10,7,9,7,8,56.6666666666667,0,0.25,0,2,5,5,5,5,0.142857142857143,4,6,10,5,8,9,2,10,80,0,0.25,1,3,5,4,4,0.222222222222222,4,8,10,10,10,10,10,7,60,0,0.25,1,4,5,5,5,0.333333333333333,4,7,10,9,7,8,10,2,20,0,0.5,1,2,5,4,4,0.25,4,5,1,5,8,6,8,10.1388888888889,0,0.5,1,3,2,5,5,6,3,2,9,9,10,7,0.5,0.611111111111111,1,4,3,3,2,4,10,10,10,10,7,9,9,0.25,175,0,1,3,2,4,4
"12",0,19,877737.6,0.5,1,0,4,2,0.5,0.5,NA,4,0,4,6,6,5,5,5,4,5,6,5,4,5,4,5,3,5,4,4,5,5,4,4,3,5,4,4,4,5,5,5,6,4,5,5,3,4,5,5,2,3,7,5,3,3,5,14.1666666666667,0,0.25,0,1,1,4,4,4,0,5,6,7,5,5,7,4,7,13.3333333333333,0,0.25,1,4,4,4,4,0.444444444444444,5,5,7,7,5,7,6,6,60,0,0.25,1,5,4,4,4,0.333333333333333,7,6,7,6,5,7,6,6,32,0,1,3,3,4,4,4,0.25,6,3,5,7,5,7,8,10.3125,0,1,1,5,4,4,4,NA,NA,NA,NA,NA,NA,NA,NA,1.16666666666667,1,2,4,4,4,8,8,8,8,8,8,8,8,0.5,48,0,1,3,3,4,4
"13",1,20,7121.834049,0.5,1,0,5,3,1,0.5,1,4,0,4,6,6,5,4,5,7,6,7,7,3,7,1,3,1,7,7,2,6,5,6,3,2,6,3,3,1,6,1,7,1,4,4,5,6,1,6,1,3,7,10,3,10,8,5,56.6666666666667,0,0.25,0.333333333333333,1,4,4,4,4,0.142857142857143,7,10,10,8,10,9,3,8,26.6666666666667,0,0.25,1,5,5,4,4,0.333333333333333,1,10,10,4,10,1,2,3,24,0,0.25,1,4,5,4,4,0,8,10,10,2,4,6,6,1,32,0,1,3,1,5,4,4,0.25,2,2,10,6,0,10,10,14,0,0.75,1,5,4,4,4,NA,NA,NA,NA,NA,NA,NA,NA,0,1,1,5,3,4,3,10,10,10,10,10,9,10,0.25,42,1,2,1,2,4,4
"14",1,24,877737.6,0.75,1,0.5,5,3,0.5,0.5,1,4,0,3,5,6,6,3,7,7,6,7,5,3,4,2,5,5,7,7,2,7,6,7,5,4,6,1,1,1,6,2,7,6,3,6,6,3,2,7,4,5,8,8,8,10,10,3,113.333333333333,1,0.25,0,2,5,3,5,5,0,5,8,9,6,8,8,7,8,60,1,0.25,2,5,5,5,5,0.333333333333333,9,10,10,10,10,6,9,7,60,0,0.25,2,2,3,5,5,0.166666666666667,5,5,6,3,9,7,10,1,32,0,0.75,5,1,5,5,3,0.25,10,1,5,7,1,7,1,36.6666666666667,0,0.75,1,5,1,5,4,8,1,1,8,0,1,8,0.75,10,1,1,1,5,3,10,10,10,9,7,7,5,5,0.25,84,0,1,3,2,5,5
"15",1,27,877737.6,1,0,1,1,0,1,1,1,4,1,4,7,3,1,7,1,3,6,5,6,4,5,2,2,5,6,7,5,7,5,4,4,1,7,4,1,1,7,5,5,7,1,1,1,4,5,6,6,5,4,10,3,7,8,8,22.6666666666667,0,1,0.666666666666667,1,5,4,4,4,0.285714285714286,3,2,10,6,5,7,2,7,170,0,1,1,5,5,5,4,0.333333333333333,6,2,9,6,3,7,7,2,24,0,1,3,3,5,4,4,0.333333333333333,5,3,9,9,3,8,9,2,2.66666666666667,0,1,1,1,5,4,4,0.25,3,2,3,8,5,7,10,38.3333333333333,0,1,1,5,4,5,5,8,3,7,8,2,6,8,1,6.66666666666667,1,1,5,5,4,3,8,10,9,9,9,10,8,0.25,35,1,3,3,3,4,4
"16",1,24,877737.6,0.75,1,0.5,4,0,0,0,1,4,0,1,7,7,6,3,3,3,5,3,5,5,6,5,6,6,6,5,5,3,5,5,1,3,7,3,3,3,5,1,7,6,3,4,4,4,5,5,5,8,4,8,3,5,2,3,85,0,0.75,0,1,5,3,4,4,0.285714285714286,8,2,9,8,7,6,4,7,120,0,0.75,1,4,4,4,4,0.333333333333333,8,2,7,7,7,7,7,1,6,1,0.75,1,3,4,4,4,0,8,2,7,5,8,8,8,1,2.66666666666667,0,0.75,4,1,4,2,2,0.25,6,2,3,7,8,7,8,70,0,0.25,1,5,3,4,4,NA,NA,NA,NA,NA,NA,NA,NA,0,1,1,1,2,2,7,5,10,10,10,10,4,9,0.25,185,0,4,2,4,5,5
"17",1,24,354.730635,0.5,0,0,5,1,1,1,1,3,0,3,6,4,5,3,5,5,5,5,5,5,5,5,3,3,3,4,3,3,5,5,3,3,5,5,5,5,5,3,5,5,5,3,5,5,5,3,5,6,6,6,3,6,6,7,170,0,0.25,0.333333333333333,1,2,2,3,4,0.285714285714286,7,6,6,6,6,6,2,6,340,0,0.25,2,4,4,4,4,0.333333333333333,6,6,6,8,6,6,6,2,180,0,0.25,2,2,4,4,4,0.166666666666667,7,5,6,7,4,7,7,2,2.66666666666667,1,0.25,2,2,4,3,3,0.25,6,3,3,6,3,3,6,16,0,0.75,2,4,4,4,4,7,3,3,6,3,4,4,0.75,10,2,2,3,4,4,8,8,8,8,6,7,7,5,0.5,108.333333333333,0,4,2,2,4,4
"18",0,23,877737.6,0.75,1,0.5,4,0,1,1,NA,4,1,2,7,5,2,5,1,1,5,2,6,5,6,4,7,3,5,2,1,6,3,3,2,1,7,1,2,2,4,1,7,7,2,2,4,2,1,5,4,NA,NA,NA,NA,NA,NA,NA,0,0,NA,NA,1,5,4,2,4,0.285714285714286,4,7,10,10,2,10,3,10,26.6666666666667,0,0.25,1,5,5,1,2,0.333333333333333,0,10,10,10,3,10,10,6,108,0,0.25,1,4,5,5,5,0,0,8,10,6,8,10,10,7,144,0,1,1,4,4,3,2,0.25,0,2,9,10,2,10,7,9.75,0,1,1,5,2,4,3,6,2,9,10,1,7,10,1,1,1,2,2,4,5,0,8,10,10,10,10,10,5,0.25,70,0,1,2,3,2,3
"20",1,24,877737.6,0.75,1,0,4,0,0.5,0.5,1,3,0,5,7,5,2,3,4,6,5,6,5,4,5,6,5,7,4,5,2,2,4,5,3,4,5,5,7,7,6,1,6,6,7,7,7,4,4,6,5,4,8,9,2,6,2,10,113.333333333333,0,0.25,0,1,3,4,4,5,0,9,10,9,2,6,7,4,7,26.6666666666667,1,0.25,3,2,4,4,4,0.222222222222222,8,9,9,5,7,8,6,7,60,1,0.25,1,2,3,4,4,0.166666666666667,NA,NA,NA,NA,NA,NA,NA,NA,0,0,NA,3,3,3,3,3,0.25,7,5,6,7,3,2,5,39.1666666666667,0,1,1,5,3,4,4,6,1,5,6,4,3,4,1,6.66666666666667,2,2,4,4,4,5,9,10,4,4,6,3,2,0.5,175,0,1,2,2,3,4
"21",1,19,877737.6,0.5,1,0,8,6,0.5,0,1,2,0,5,6,3,3,6,5,6,7,6,6,4,5,4,7,7,7,7,5,6,6,5,3,5,6,4,1,2,6,7,7,6,6,7,4,3,6,7,2,8,8,8,5,3,7,10,85,0,0.25,0.666666666666667,4,5,3,4,4,0.285714285714286,5,6,10,6,2,8,5,10,13.3333333333333,0,0.25,2,3,4,4,4,0.333333333333333,4,6,8,9,2,10,10,7,108,0,0.25,1,4,5,5,4,0.166666666666667,6,2,8,9,2,7,10,7,8,1,1,1,2,4,4,3,0.25,7,0,0,10,2,8,10,42.7777777777778,0,1,1,3,2,5,5,7,3,4,10,0,7,9,1,11.1111111111111,1,1,3,5,5,7,9,10,10,1,8,8,4,0.5,107.5,0,1,1,2,4,4
"22",1,21,7121.834049,0.5,1,0,3,0,0.5,0.5,1,3,0,4,7,5,5,4,6,6,7,6,6,5,7,6,6,4,6,6,7,6,6,5,5,4,6,4,5,4,4,3,6,7,6,5,5,4,4,5,5,5,7,10,9,8,10,7,85,0,0.25,0.666666666666667,1,5,3,5,5,0.571428571428571,7,7,10,9,8,10,2,9,20,0,0.25,2,4,3,5,5,0.444444444444444,10,9,10,10,8,8,10,7,108,0,0.25,1,4,3,5,5,0.333333333333333,7,7,10,8,7,9,10,6,20,0,0.75,3,3,3,4,4,0.25,7,7,10,8,7,10,9,9.16666666666667,0,0.75,1,5,3,5,5,7,7,7,7,7,9,6,0.75,3.33333333333333,1,3,3,5,5,10,9,7,7,8,9,10,10,0.5,70,1,1,5,5,5,5
"23",1,24,354.730635,0.75,1,0.5,2,0,0.5,0.5,1,5,0,1,6,6,4,3,6,4,7,7,7,4,7,4,7,3,7,7,6,6,7,7,3,4,7,5,7,7,7,5,7,7,4,4,4,6,1,5,7,8,8,10,10,10,8,8,28.3333333333333,0,0.25,0.333333333333333,1,5,5,5,5,0.142857142857143,10,10,10,10,10,10,4,10,170,1,0.25,1,5,5,5,5,0.333333333333333,10,10,10,10,10,10,10,4,60,0,0.25,1,5,5,5,5,0.333333333333333,10,10,10,10,10,10,10,4,80,0,1,1,3,5,5,5,0.25,10,3,3,6,1,1,1,9.79166666666667,0,1,1,5,1,5,5,10,1,10,10,1,10,1,1,16.6666666666667,1,4,5,5,5,10,7,10,10,10,10,10,7,0.25,118.75,1,1,3,5,5,5
"24",1,22,877737.6,0.75,1,0,3,1,1,1,1,5,0,3,7,5,3,5,6,4,7,7,6,6,7,4,6,4,7,7,6,7,6,6,6,3,7,4,6,6,5,5,7,7,6,5,5,6,4,6,6,10,4,10,2,9,6,8,14.1666666666667,0,0.75,0.166666666666667,2,4,4,4,5,0.142857142857143,7,8,10,9,9,9,3,8,102,1,0.25,1,3,4,5,5,0.444444444444444,9,6,9,8,10,9,10,4,450,0,0.75,1,3,3,5,5,0.333333333333333,9,3,6,3,3,6,6,2,144,1,0.75,1,2,3,3,3,0.5,9,0,0,9,1,6,8,15,0,0.75,1,3,2,4,4,8,0,0,10,7,9,6,0.75,27.6,1,3,2,5,5,7,8,10,10,10,10,10,10,0.25,281.25,0,1,3,3,5,5
"25",1,23,40611.441989,0.75,1,0,3,0,1,0.5,0.5,4,0,4,7,6,5,5,4,4,6,6,7,5,6,4,5,5,7,6,7,5,5,6,3,5,3,3,3,3,5,6,7,6,4,4,4,7,3,4,7,7,6,10,4,7,5,6,85,0,0.75,0,2,5,4,4,4,0.571428571428571,9,9,10,7,7,9,4,7,32,0,0.75,2,5,5,4,3,0.333333333333333,9,9,9,6,7,8,6,2,108,1,0.25,3,5,5,5,5,0.333333333333333,10,10,10,7,7,9,10,3,20,1,1,3,3,5,3,3,0.25,6,3,7,3,5,8,4,11.6666666666667,0,0.75,3,3,3,4,4,8,4,9,9,4,5,3,0.75,0.444444444444444,1,2,3,4,4,10,10,10,8,8,9,5,5,0.75,175,1,4,2,3,3,3
"26",1,26,877737.6,1,0,1,2,0,1,1,1,5,0,2,7,7,6,3,4,3,7,6,7,6,7,5,6,5,7,7,4,6,6,7,6,3,7,1,6,5,7,6,7,7,4,4,4,7,1,7,4,6,9,10,7,6,3,10,22.6666666666667,0,0.5,0.833333333333333,1,5,5,4,5,0.142857142857143,7,10,10,10,7,8,3,7,120,0,0.25,1,1,5,4,5,0.555555555555556,2,8,10,8,10,4,10,4,60,0,0.25,1,5,5,5,4,0.166666666666667,6,3,10,5,8,5,7,4,8,0,1,3,5,5,5,3,0.5,5,0,3,8,7,4,8,16,0,1,1,5,3,4,4,6,3,2,10,2,8,9,1,0.472222222222222,1,5,5,5,5,8,10,10,10,10,10,10,10,0.5,62.5,0,1,5,4,4,4
"27",1,21,191847.878788,0.5,1,0,4,0,1,1,1,4,0,5,7,6,4,5,6,6,7,7,7,6,7,6,5,4,7,7,7,7,7,7,5,4,4,3,5,5,6,7,6,7,3,3,4,3,5,3,4,5,8,10,4,8,7,10,5.66666666666667,1,0.25,0.166666666666667,1,4,4,4,4,0.428571428571429,9,8,10,7,7,9,4,8,26.6666666666667,1,0.75,1,5,5,5,4,0.222222222222222,8,7,8,8,9,9,9,4,60,1,0.75,1,4,5,4,4,0,9,8,9,9,8,9,9,3,8,1,0.75,1,3,5,4,3,0.25,10,7,5,8,8,8,8,9.16666666666667,0,0.75,2,5,4,5,5,9,7,8,9,7,9,9,0.75,1.33333333333333,1,3,4,4,4,9,8,10,9,10,9,9,9,0.25,55,1,1,3,4,5,5
"28",1,23,877737.6,0.75,1,0.5,4,0,0.5,1,1,3,0,2,5,2,3,1,5,1,5,5,6,2,6,6,5,4,3,1,2,1,6,6,5,2,5,1,3,3,6,5,6,5,5,4,4,3,1,5,4,2,4,7,0,7,2,2,56.6666666666667,0,0.75,0.333333333333333,2,4,4,5,5,0.285714285714286,6,2,9,7,3,10,3,8,16,1,0.75,2,5,4,4,4,0.555555555555556,3,3,8,7,7,8,7,2,15,1,0.25,3,3,5,5,5,0.333333333333333,6,3,9,8,3,7,4,2,20,1,0.75,2,2,4,5,5,0.5,7,0,0,6,3,6,9,16,0,0.75,1,5,3,5,5,7,1,1,9,1,1,7,0.75,4.16666666666667,1,2,4,5,5,1,2,10,9,10,10,4,0,0.5,70,0,2,2,3,5,5
"29",0,22,877737.6,0.5,1,0.5,4,0,1,1,1,4,0,2,6,6,7,4,5,6,7,7,7,5,7,4,6,4,6,6,4,6,7,7,6,1,6,1,1,1,4,5,7,5,1,1,1,6,2,4,4,5,6,10,10,5,7,7,11.3333333333333,0,0.25,0.666666666666667,1,4,4,4,4,0,5,7,10,10,0,5,2,5,170,0,0.75,1,5,5,4,4,0.222222222222222,5,7,10,10,5,5,5,3,24,0,0.25,1,3,5,5,5,0.333333333333333,5,7,10,5,5,5,5,3,80,0,0.75,1,3,4,4,4,0.5,5,7,10,8,5,6,6,16.3333333333333,0,0.75,3,5,3,4,4,5,5,10,10,5,8,6,0.5,15.8333333333333,1,5,5,5,5,5,6,10,10,5,6,7,7,0.5,104,0,3,3,4,4,4
"30",1,23,877737.6,0.75,1,0.5,3,0,0.5,0.5,1,5,0,4,6,4,2,3,5,3,5,6,6,5,6,6,6,6,7,7,7,7,5,6,1,2,6,1,1,1,5,4,7,7,6,5,5,2,7,7,5,2,5,9,4,4,7,10,28.3333333333333,0,0.25,0,2,5,3,5,5,0.428571428571429,6,3,10,7,3,8,4,8,100,0,1,2,5,5,5,4,0.444444444444444,6,5,10,8,9,9,9,4,15,0,0.25,2,5,4,5,5,0.166666666666667,10,6,9,7,1,8,9,3,8,1,1,3,2,4,4,4,0.25,9,3,3,8,2,5,7,38.3333333333333,0,1,1,5,3,5,5,6,2,2,8,1,4,7,1,4.66666666666667,1,1,4,4,4,8,9,10,10,2,7,7,4,0.25,142.666666666667,0,2,4,4,4,4
"31",1,30,877737.6,1,0,1,3,1,0.5,0.5,1,4,1,5,5,3,5,5,6,7,7,7,7,7,7,5,5,6,7,6,6,6,6,6,4,5,7,5,5,6,6,5,7,6,6,6,6,6,6,6,6,NA,NA,NA,NA,NA,NA,NA,0,0,NA,NA,2,3,3,4,4,0.142857142857143,7,9,10,8,8,8,1,5,51,1,0.25,1,5,5,5,5,0.555555555555556,8,9,9,10,10,8,9,4,60,0,0.5,1,5,5,5,5,0,9,6,6,7,6,5,7,7,80,1,1,2,4,4,3,3,0,5,5,5,8,8,6,7,4,0,0.25,1,5,3,3,3,5,5,5,7,1,9,8,0.5,0.555555555555556,1,4,5,5,5,0,10,10,10,0,9,10,10,0.25,9.33333333333333,0,3,3,3,4,4
"32",1,22,877737.6,0.5,1,0,3,0,1,1,1,3,1,3,6,7,6,4,5,5,5,5,4,4,5,4,5,3,6,3,3,5,6,4,3,4,5,5,6,6,6,3,6,6,6,5,5,4,5,6,4,4,7,6,4,7,6,5,8.5,0,0.25,0.333333333333333,2,5,4,5,5,0,8,8,8,8,7,8,2,7,26.6666666666667,1,0.25,2,5,5,5,5,0.333333333333333,5,7,8,7,8,7,6,4,15,0,0.25,2,4,5,5,5,0.166666666666667,7,5,6,4,5,6,4,2,20,1,0.25,4,3,5,4,4,0.25,7,4,3,8,5,7,7,9.86111111111111,0,0.5,2,4,3,4,4,7,6,4,8,6,5,8,0.5,32,2,3,5,5,5,6,8,8,8,7,7,7,5,0.5,9.33333333333333,0,1,3,3,5,5
"33",1,25,40611.441989,1,0,0.5,5,3,0.5,1,1,3,0,4,7,7,5,5,5,7,6,7,6,5,6,5,6,5,7,5,4,6,5,5,4,3,4,4,3,6,5,4,7,7,6,6,5,5,4,4,6,7,4,10,7,6,6,5,56.6666666666667,0,0.25,0.666666666666667,2,4,4,4,4,0.285714285714286,8,6,9,6,6,5,3,3,33.3333333333333,0,0.25,2,5,5,4,4,0.444444444444444,7,5,9,8,7,6,8,1,108,0,0.5,2,4,4,5,4,0.333333333333333,7,5,8,5,5,6,8,4,2.66666666666667,1,1,3,3,4,4,4,0,8,3,6,7,4,4,5,40.4166666666667,0,0.5,2,5,3,4,4,8,3,7,8,6,6,7,1,2.91666666666667,1,2,4,4,4,8,7,10,8,7,7,8,6,0.25,130,0,4,3,3,4,4
"34",1,25,40611.441989,0.75,1,0,4,0,0.5,0.5,0.5,3,0,4,7,7,6,4,5,4,6,7,6,5,7,5,7,5,4,4,6,4,7,6,4,5,7,5,5,5,5,3,7,6,5,4,4,4,3,5,6,2,7,10,10,8,6,9,51,0,0,0.333333333333333,3,4,3,3,3,0,8,8,8,8,8,8,3,10,7.08333333333333,1,0,4,4,4,4,4,0.555555555555556,6,8,9,9,10,9,8,2,24,0,0,1,3,4,3,4,0.333333333333333,9,5,7,5,2,7,7,1,80,1,1,1,4,4,3,3,0,3,3,4,9,1,8,6,40.5555555555556,0,1,4,4,2,4,3,6,5,5,8,6,7,3,1,0.555555555555556,1,3,4,4,4,0,9,10,8,10,5,7,7,0.25,105,0,5,3,2,4,4
"35",1,23,191847.878788,0.75,1,0,2,0,0.5,1,0.5,4,0,1,7,7,7,2,4,5,7,7,5,3,7,7,7,5,7,1,7,7,7,7,4,5,7,3,7,7,7,7,7,6,4,4,4,7,4,6,6,10,10,10,0,0,6,6,56.6666666666667,0,0.25,0.333333333333333,4,5,5,5,5,0.571428571428571,10,0,10,7,3,10,4,10,51,1,0.25,1,4,5,5,5,0.555555555555556,10,5,8,8,10,10,10,5,15,1,0.25,4,2,5,5,5,0.333333333333333,10,10,10,2,2,5,6,1,80,0,1,5,1,5,1,1,0.25,10,0,0,5,0,0,0,38.8888888888889,0,1,1,5,3,2,3,10,0,0,5,0,3,0,1,60,1,1,5,5,5,10,10,10,10,0,10,5,5,0.25,120,0,1,1,1,5,4
"36",1,20,877737.6,0.5,1,0,1,0,0.5,1,0.5,3,0,1,4,6,3,1,5,3,6,5,6,6,6,3,3,3,6,3,2,2,3,3,3,2,6,3,5,6,6,5,6,7,4,2,5,3,2,5,3,6,8,9,6,0,7,9,90,0,0.25,0.333333333333333,2,4,4,4,4,0.285714285714286,7,6,9,9,2,8,4,8,16,0,0.25,1,4,5,5,5,0.333333333333333,6,3,8,8,2,8,8,2,2,0,0.25,1,2,4,4,4,0.333333333333333,7,2,8,8,6,8,8,2,32,1,0.75,1,1,5,4,4,0.25,5,2,5,10,2,5,8,72,0,0.75,1,5,3,4,4,7,1,1,9,1,1,9,0.75,3.33333333333333,1,1,2,4,4,2,9,10,10,5,8,7,1,0.75,150,0,1,3,3,4,4
"37",1,23,877737.6,0.75,1,0.5,4,1,0.5,0.5,1,4,0,5,5,5,5,4,6,7,4,7,6,5,7,3,3,2,7,7,5,7,7,7,5,4,7,4,7,7,6,2,6,5,6,4,5,5,2,5,5,7,10,10,6,9,9,9,22.6666666666667,0,0.25,0.666666666666667,2,4,3,5,5,0.142857142857143,7,9,10,9,9,9,2,8,56.6666666666667,0,0.25,2,3,3,5,5,0.222222222222222,7,9,9,9,10,8,7,4,60,1,0.25,2,3,4,5,5,0.166666666666667,8,8,8,9,10,7,7,3,32,1,0.25,1,1,3,4,4,0.25,8,9,9,9,9,8,10,16,0,1,2,4,3,4,4,NA,NA,NA,NA,NA,NA,NA,NA,0,1,2,3,4,4,6,7,10,10,10,10,9,8,0,21,0,2,2,2,4,4
"38",1,28,40611.441989,1,0,1,2,0,1,1,1,3,0,1,7,6,3,4,6,1,7,2,6,4,6,4,4,3,6,5,2,7,6,5,3,4,7,4,5,6,1,4,7,7,4,4,5,4,1,7,2,0,0,10,10,7,5,2,28.3333333333333,0,0.5,0,1,5,5,4,4,0.285714285714286,3,0,10,7,4,8,1,5,170,1,0.75,2,4,5,5,5,0.111111111111111,0,0,10,10,6,8,9,4,15,0,0.5,1,5,4,4,4,0,2,2,10,5,5,4,4,1,2.66666666666667,0,0.75,4,3,4,4,4,0.5,0,0,6,10,4,5,6,10,0,0.5,3,4,3,4,4,4,0,4,10,0,2,6,0.5,4.16666666666667,5,2,3,4,4,2,6,10,10,5,7,7,4,0.75,87.5,0,2,2,2,4,3
"39",0,24,877737.6,0.75,1,0,4,0,1,1,1,2,0,2,6,6,4,3,5,5,6,5,6,5,6,5,5,4,5,4,4,3,5,5,3,3,5,3,4,4,5,6,6,4,4,5,4,4,4,5,6,2,6,8,3,6,6,5,45.3333333333333,1,0.25,0.333333333333333,3,3,2,4,4,0.571428571428571,3,5,9,4,9,4,2,7,113.333333333333,0,0.25,4,5,4,5,4,0.444444444444444,4,5,6,9,9,8,5,2,60,0,0.25,2,4,4,5,5,0.666666666666667,8,7,7,8,7,3,6,4,80,1,0.25,3,2,4,3,3,0.25,4,1,3,8,5,3,4,284.375,0,0.75,1,5,3,4,4,7,2,4,6,3,5,6,0.75,42.5,1,1,3,3,3,4,6,9,7,8,6,7,4,0.5,237.5,0,2,3,4,5,5
"40",1,25,877737.6,0.75,1,0,5,0,0.5,0.5,1,5,1,1,7,5,4,2,5,6,6,6,7,4,7,4,4,5,7,4,4,5,7,7,4,2,5,3,3,3,5,4,6,1,6,6,6,2,2,6,6,7,8,10,7,10,6,2,56.6666666666667,0,0.25,0,1,4,4,5,5,0.142857142857143,8,9,10,5,10,9,3,10,595,1,0.25,1,5,5,5,5,0.222222222222222,8,9,10,9,10,7,5,4,450,0,0.25,1,3,5,5,5,0.333333333333333,9,5,10,7,5,7,5,3,80,1,1,1,3,5,5,4,0.5,8,0,5,8,10,0,9,37.9166666666667,0,1,1,5,5,5,5,9,0,10,10,5,5,7,1,16.6666666666667,1,3,4,5,5,8,10,10,10,10,5,8,8,0.25,375,0,3,1,5,5,5
"41",1,26,877737.6,1,0,0,3,1,1,1,1,3,0,4,7,4,5,6,7,4,7,7,7,4,7,1,5,4,7,7,6,7,7,7,4,1,4,4,1,1,4,7,7,7,4,4,4,7,4,7,7,0,0,10,0,5,5,5,21.25,0,0,0,1,5,5,5,5,0.571428571428571,5,5,10,5,10,10,1,10,102,0,1,1,5,5,5,5,0.333333333333333,5,5,10,10,10,10,10,7,60,0,1,1,5,5,5,5,0.166666666666667,NA,NA,NA,NA,NA,NA,NA,NA,2.66666666666667,0,NA,3,3,5,3,3,0,5,0,0,5,0,0,0,9.83333333333333,0,1,1,5,3,5,5,NA,NA,NA,NA,NA,NA,NA,NA,0,1,1,3,3,3,10,5,10,10,10,10,10,10,1,412.5,0,1,1,3,5,5
"42",0,25,877737.6,1,1,0.5,2,0,1,1,1,4,1,1,4,5,1,2,5,4,5,1,4,2,4,1,1,2,6,4,7,6,2,2,4,4,6,6,4,6,1,1,4,6,2,4,2,2,2,2,4,7,7,7,9,0,3,5,11.3333333333333,0,0.25,0.666666666666667,3,5,3,5,3,0.285714285714286,7,5,7,9,0,8,4,8,200,0,0.75,1,5,5,3,4,0.333333333333333,7,5,8,8,0,5,0,2,24,1,0.25,3,4,4,4,4,0.5,7,7,7,7,0,5,7,1,20,1,1,1,1,3,1,3,0.5,7,7,3,7,0,0,0,16.3333333333333,0,1,1,5,3,4,3,7,7,2,5,0,5,0,1,4.44444444444444,1,1,4,1,3,7,7,9,8,0,5,8,7,0.25,51.25,0,4,3,4,5,3
"44",1,24,877737.6,0.75,1,0.5,4,2,0.5,0.5,1,3,0,4,6,6,2,2,6,3,5,6,4,4,5,4,4,5,6,4,5,6,4,4,5,5,5,7,6,6,4,5,5,6,4,4,4,3,2,5,7,5,8,10,6,9,9,8,56.6666666666667,0,0.75,0.666666666666667,4,4,3,4,4,0.285714285714286,6,5,9,9,9,9,2,5,60,0,0.75,1,5,5,5,5,0.222222222222222,7,2,8,2,8,8,7,1,108,0,0.75,1,2,5,5,5,0.333333333333333,7,5,10,8,9,9,7,2,20,0,0.75,1,1,5,5,5,0.25,5,3,5,8,10,4,6,36.6666666666667,0,0.75,1,5,3,5,5,9,3,3,10,4,3,2,0.75,4.44444444444444,1,1,4,5,5,6,8,10,10,10,4,8,1,0.5,62.5,0,2,2,3,5,5
"45",1,23,877737.6,0.75,1,0,5,0,0.5,1,1,4,0,4,5,4,4,3,3,5,5,4,6,4,4,1,1,5,7,3,2,2,4,3,5,3,1,2,2,2,5,4,3,7,4,4,4,7,2,3,4,4,4,9,5,5,5,9,14.1666666666667,0,0.25,0,1,4,4,4,4,0,7,5,10,3,4,8,1,9,204,1,0.25,2,4,4,4,4,0.111111111111111,5,4,9,9,4,8,9,1,180,0,0.25,1,2,4,4,4,0,NA,NA,NA,NA,NA,NA,NA,NA,0,0,NA,1,1,4,3,3,0,3,2,5,9,1,9,6,39.4444444444444,0,1,1,5,4,4,4,7,2,4,9,2,6,3,1,0.666666666666667,1,3,3,4,4,5,2,10,10,2,9,7,7,1,76.6666666666667,0.5,1,3,4,4,4
"46",0,24,877737.6,0.75,1,0.5,1,0,1,0.5,1,4,0,1,7,6,3,4,7,1,6,2,4,2,5,5,4,3,2,1,4,5,2,4,2,2,7,6,6,6,5,6,6,7,3,3,2,1,4,6,3,NA,NA,NA,NA,NA,NA,NA,0,0,NA,NA,5,2,1,4,4,0.285714285714286,8,7,10,8,5,8,5,3,14.1666666666667,0,0.5,2,5,5,2,2,0.333333333333333,6,7,8,9,7,8,5,5,60,0,0.5,3,2,5,4,5,0,7,3,5,2,6,9,6,1,144,1,0.75,2,3,5,4,4,0.25,7,0,2,7,5,3,4,67,0,0.75,1,5,3,4,4,4,1,2,10,1,0,7,0.75,4,1,2,2,4,4,4,7,10,8,1,7,4,0,0.25,262.5,0,2,5,3,5,5
"47",1,30,877737.6,1,0,0.5,1,0,1,1,1,3,0,3,6,5,5,3,5,4,5,2,5,4,5,3,6,5,4,1,1,3,5,5,3,4,6,4,3,2,6,5,7,7,5,4,4,2,5,5,6,7,3,7,2,4,6,7,85,0,0.75,0.666666666666667,1,5,4,4,4,0.285714285714286,8,2,9,6,4,8,4,7,26.6666666666667,0,0.75,1,5,5,4,4,0.222222222222222,9,2,8,8,2,6,6,1,6,0,0.75,1,4,5,4,5,0.5,10,2,8,8,2,8,8,1,8,0,0.75,1,4,5,4,4,0.25,9,2,7,9,10,10,10,37.9166666666667,0,0.75,1,5,4,5,5,10,2,6,10,2,7,4,0.75,0.444444444444444,1,2,5,4,4,8,4,10,10,10,8,7,7,0.75,262.5,0,1,4,5,5,4
"48",1,24,877737.6,0.75,1,0,2,1,1,1,0.5,5,1,7,7,5,5,1,1,7,4,7,7,1,7,3,4,4,7,7,7,7,7,7,3,4,7,2,5,4,5,6,7,7,7,4,7,7,5,6,5,3,3,10,7,10,6,2,56.6666666666667,0,0.25,0,1,5,4,5,5,0.285714285714286,8,7,10,8,6,10,4,6,60,0,0.25,2,5,5,4,4,0.333333333333333,3,3,10,10,10,10,10,5,60,0,0.25,1,5,5,5,5,0.5,9,2,10,5,3,7,8,2,2.66666666666667,0,0.75,1,3,4,3,3,0.25,7,1,4,3,3,7,8,10,0,1,2,4,2,3,3,8,0,3,7,0,6,6,1,0.555555555555556,1,3,3,3,3,8,8,10,10,3,10,8,5,1,75.2,0,1,3,3,4,4
"49",1,22,877737.6,0.5,1,0.5,5,3,0.5,0.5,1,4,0,3,4,6,4,3,5,2,5,6,7,5,6,4,6,3,6,7,4,6,4,4,4,2,6,3,3,3,6,2,6,3,3,3,2,4,2,5,5,5,5,8,8,5,5,8,56.6666666666667,0,0.75,0.166666666666667,3,4,4,4,4,0.142857142857143,5,5,10,10,7,9,4,7,425,0,1,1,5,5,5,5,0.222222222222222,5,8,10,10,7,6,6,7,108,1,0,2,4,4,5,5,0.166666666666667,5,5,8,6,6,6,6,4,32,1,1,3,3,4,4,4,0.25,5,5,5,7,5,7,6,37.5,0,1,1,4,4,4,4,5,5,5,8,5,8,5,1,16.6666666666667,1,3,4,4,4,5,5,10,10,10,10,9,7,0.5,468.75,0,2,3,4,5,5
"50",1,24,877737.6,0.75,1,1,2,0,1,1,1,4,0,1,5,4,2,5,5,7,7,6,7,4,6,4,5,6,7,7,7,4,5,5,4,5,2,5,4,7,6,5,5,7,4,7,6,7,5,5,7,7,7,10,10,4,10,9,113.333333333333,0,0.25,0.833333333333333,1,5,5,5,5,0.571428571428571,7,7,10,10,7,8,1,6,96,1,0.25,1,5,5,3,3,0.555555555555556,8,6,10,10,6,10,0,1,60,0,0.25,1,3,5,5,5,0.666666666666667,6,6,10,10,6,10,10,1,20,0,0.75,3,3,4,3,3,0.25,8,3,10,7,6,7,9,39.6666666666667,0,0.75,1,5,3,4,3,8,6,10,10,5,7,10,0.75,28.5,1,4,4,5,5,8,10,10,10,4,10,8,5,0.75,70,0,1,4,4,5,5
"51",0,19,877737.6,0.5,1,0.5,7,2,1,1,1,2,0,6,7,5,5,4,3,4,4,5,6,4,4,3,4,6,5,3,7,3,5,4,4,5,5,3,3,3,5,5,6,2,4,4,4,4,4,4,5,NA,NA,NA,NA,NA,NA,NA,28.3333333333333,0,NA,NA,3,5,3,4,4,0.428571428571429,NA,NA,NA,NA,NA,NA,NA,NA,0,0,NA,2,4,3,3,3,0.444444444444444,3,0,4,5,0,6,10,4,24,1,0.25,1,4,4,4,4,0.5,NA,NA,NA,NA,NA,NA,NA,NA,8,0,NA,3,2,4,2,2,0.5,4,0,0,10,0,5,5,37.9166666666667,0,0.5,2,5,3,3,3,7,0,0,6,0,0,5,1,40,1,2,2,4,3,3,4,8,7,0,6,2,0,0.5,680,1,2,5,3,4,2
"52",1,26,877737.6,0.75,1,0.5,1,0,1,1,1,4,1,2,4,6,6,3,7,7,7,7,7,4,7,4,3,3,7,7,7,7,7,7,7,4,5,5,5,5,6,6,5,4,4,4,5,5,2,5,5,NA,NA,NA,NA,NA,NA,NA,0,0,NA,NA,3,4,3,4,4,0.285714285714286,8,8,10,8,10,10,4,7,40,1,0.25,2,4,4,5,4,0.444444444444444,6,7,10,10,10,10,5,2,60,0,0.25,2,4,5,5,5,0.166666666666667,7,4,6,6,6,9,10,2,20,0,1,4,4,3,3,4,0.5,7,4,5,9,9,9,8,1.27777777777778,0,1,2,4,2,4,4,7,3,5,10,7,5,7,1,26,1,4,3,4,4,8,8,10,9,10,10,10,10,0.25,62.5,0,3,3,2,5,5
"53",1,24,877737.6,0.75,1,0.5,3,1,1,1,1,3,0,2,6,5,5,2,5,4,5,6,6,4,6,6,5,6,5,7,3,6,6,6,4,2,7,3,3,3,5,2,7,7,4,3,4,4,5,6,2,0,4,7,1,9,4,3,8.5,0,0.25,0.666666666666667,2,4,3,4,4,0.428571428571429,5,6,8,8,8,8,3,5,33.3333333333333,0,0.25,1,5,5,4,4,0.444444444444444,0,6,9,8,9,7,8,6,6,0,0.25,1,4,4,4,4,0.5,7,2,8,4,3,6,7,4,20,1,1,1,2,4,4,3,0.25,3,0,4,7,3,3,7,14.6666666666667,0,1,1,5,3,4,3,5,4,4,7,5,6,7,1,4.58333333333333,1,4,4,4,4,5,9,10,9,10,6,8,6,0.25,70,0,1,2,4,5,5
"54",1,24,191847.878788,0.75,1,0,3,0,1,1,1,4,0,4,6,6,4,4,5,4,5,5,5,4,5,5,4,5,6,6,5,5,5,5,5,3,7,6,6,6,5,4,5,4,4,5,5,4,4,4,5,5,5,9,5,5,7,9,60,0,0.75,1,2,4,3,4,3,0.428571428571429,7,7,9,8,8,9,2,5,850,0,0.25,3,4,3,4,3,0.333333333333333,4,4,4,4,5,5,1,7,2,0,0.25,2,3,5,5,4,0.166666666666667,5,5,5,5,5,5,5,4,20,1,1,4,4,4,3,3,0.25,5,5,5,5,5,5,5,16.1333333333333,0,1,1,5,3,3,3,5,5,5,4,4,4,4,1,0.333333333333333,3,3,3,3,3,5,5,5,5,5,5,5,5,0.5,123.333333333333,1,3,1,2,2,3
"55",1,27,877737.6,1,0,0.5,2,0,1,1,1,4,0,1,6,7,6,2,4,6,6,7,6,4,6,2,6,5,6,4,1,3,6,4,2,2,7,3,5,5,6,5,7,7,4,4,4,4,3,6,4,NA,NA,NA,NA,NA,NA,NA,0,0,NA,NA,1,5,3,1,3,0,5,8,10,8,6,6,3,8,11.3333333333333,0,0.25,3,5,5,5,5,0.222222222222222,5,8,10,8,8,6,8,4,180,0,0.75,1,4,5,5,5,0.333333333333333,8,5,9,6,5,7,9,2,32,1,0.75,3,4,5,4,4,0.25,8,3,8,10,3,8,5,15.7777777777778,0,0.75,5,5,5,5,5,NA,NA,NA,NA,NA,NA,NA,NA,0.592592592592593,3,5,4,4,4,5,8,10,10,10,10,8,3,0.25,4.33333333333333,0,2,4,4,5,5
"56",1,28,877737.6,1,1,0,3,0,1,1,1,3,0,1,6,4,3,1,5,2,7,7,7,6,7,6,4,5,5,2,7,4,5,5,3,2,7,5,3,4,5,5,7,6,6,4,6,4,3,4,6,6,7,9,10,4,8,10,21.25,0,0.75,0.5,1,4,5,5,4,0.428571428571429,8,7,7,7,6,8,3,8,127.5,0,0.25,1,5,5,5,5,0.333333333333333,8,6,6,8,7,9,10,3,60,0,0.75,2,5,4,5,5,0.5,8,3,8,2,7,7,9,1,80,1,0.75,2,3,5,4,4,0.25,6,2,1,6,10,5,8,15.3333333333333,0,1,1,5,3,5,4,7,3,3,8,3,4,5,0.5,50,1,3,4,4,4,8,6,10,10,3,8,9,6,0,112.5,1,1,2,3,5,5
"57",1,18,7121.834049,0.5,1,0,6,4,0.5,1,1,4,0,1,5,5,5,4,6,6,6,7,5,6,6,4,5,4,7,7,4,5,6,6,4,4,5,5,5,5,6,4,7,5,4,4,4,5,5,5,5,NA,NA,NA,NA,NA,NA,NA,0,1,NA,NA,3,4,5,4,4,0.571428571428571,10,8,9,5,8,9,2,8,510,0,0.25,3,4,5,5,5,0.444444444444444,10,9,9,7,7,8,8,2,108,0,0,3,5,5,5,5,0.5,2,8,8,6,8,9,8,1,80,0,0.25,4,4,4,4,4,0.25,1,6,7,2,6,5,5,40,0,1,3,5,3,4,4,NA,NA,NA,NA,NA,NA,NA,NA,0,3,2,4,4,4,2,9,9,8,7,7,8,8,0.25,52.5,0,4,4,3,4,5
"58",1,22,354.730635,0.5,1,0,4,1,1,1,1,4,0,2,7,6,4,3,5,2,4,7,6,4,5,4,5,3,5,5,2,6,5,4,4,3,3,1,4,4,6,6,5,1,4,3,5,2,4,5,5,5,7,10,3,6,7,10,7.08333333333333,0,0.5,0,2,5,4,5,4,0,5,7,10,10,10,10,4,8,40,0,0.5,3,5,4,4,4,0.444444444444444,5,5,7,9,9,10,10,7,2,0,0,1,5,5,5,4,0.333333333333333,5,5,8,8,10,8,8,4,8,0,1,4,3,4,2,2,0.25,5,5,5,10,8,7,7,16.8888888888889,0,1,1,3,2,4,4,5,5,9,10,5,2,8,1,5.77777777777778,1,3,4,5,5,5,5,10,8,10,8,8,5,0.5,180,0,5,2,4,4,4
"59",1,21,877737.6,0.5,1,0.5,1,0,1,1,1,4,1,4,6,4,5,3,4,4,5,6,6,5,6,2,4,3,6,6,3,5,6,6,5,3,6,4,5,5,5,3,5,4,5,3,4,5,5,7,4,3,7,7,5,6,5,8,7.08333333333333,0,0.25,0.666666666666667,2,4,4,4,4,0,5,6,8,8,6,6,4,6,51,0,0.25,2,4,4,4,4,0.111111111111111,4,7,8,7,6,6,9,5,24,0,0.25,2,3,4,4,4,0,6,6,7,3,5,7,7,5,20,0,0.25,2,2,4,4,4,0.25,5,5,5,7,5,8,7,40,0,0.75,4,4,3,3,3,6,4,5,7,5,6,7,0.75,16.6666666666667,2,4,4,4,4,4,7,8,9,7,9,9,9,0,21,NA,2,3,4,3,2
"60",1,18,40611.441989,0.25,1,0,6,4,0.5,0.5,1,4,0,6,7,6,6,4,3,5,5,6,7,5,7,4,6,2,5,2,6,6,5,5,4,2,7,5,2,2,4,3,6,7,4,4,4,1,1,1,7,7,7,9,8,7,6,6,102,0,0.25,0.833333333333333,1,4,4,4,4,0.285714285714286,7,6,10,7,2,5,3,9,56.6666666666667,1,0.25,1,4,4,4,4,0.333333333333333,9,6,8,7,6,7,8,4,24,0,0.25,1,4,4,4,4,0,9,7,9,7,6,6,8,3,20,1,0.75,3,2,4,4,4,0.25,8,7,8,7,3,3,4,15.3333333333333,0,0.75,1,4,4,4,4,7,7,6,10,4,3,4,0.75,5.11111111111111,1,1,4,4,4,8,6,9,10,4,8,7,4,0.25,318.75,0,1,2,4,4,4
"61",1,20,877737.6,0.5,1,0,4,2,0.5,0.5,1,3,0,5,7,7,4,5,5,5,6,6,6,5,5,6,4,5,4,4,3,3,5,5,3,3,3,3,5,3,5,5,6,6,3,3,5,5,2,4,3,7,7,7,8,10,3,7,28.3333333333333,0,0.25,0.333333333333333,1,5,3,4,4,0,8,7,8,8,8,8,2,7,24,0,0.25,2,4,4,4,4,0.333333333333333,8,8,8,8,8,8,8,5,24,0,1,2,4,5,5,5,0.333333333333333,8,8,8,3,7,7,7,2,20,0,1,2,3,5,2,2,0.25,6,4,5,7,2,4,7,9.375,0,1,2,5,3,4,3,7,5,3,6,2,5,6,1,13.3333333333333,1,2,2,4,3,6,7,9,9,9,9,9,6,0.5,57,0,2,3,5,5,5
"62",1,26,877737.6,1,0,0.5,2,0,0.5,1,1,4,0,4,7,6,3,3,7,4,7,6,7,4,7,2,7,2,7,7,7,7,6,6,4,7,6,4,7,7,7,2,7,2,4,4,6,6,2,6,6,NA,NA,NA,NA,NA,NA,NA,0,0,NA,NA,3,4,3,3,4,0.285714285714286,3,8,8,9,2,7,1,9,56.6666666666667,0,0.25,1,5,5,3,4,0.222222222222222,2,3,7,8,4,4,7,6,24,0,0.25,1,5,5,5,5,0.333333333333333,NA,NA,NA,NA,NA,NA,NA,NA,0,0,NA,3,4,5,3,3,0,3,3,6,9,3,2,7,9.47916666666667,0,0.75,2,5,3,5,5,NA,NA,NA,NA,NA,NA,NA,NA,0,3,1,1,1,3,3,7,10,9,4,8,8,4,0.25,0.388888888888889,1,4,1,3,3,3
"65",1,21,877737.6,0.5,1,0,3,0,0.5,1,1,4,0,2,6,4,2,2,6,1,7,5,7,4,6,3,1,4,7,7,7,7,5,2,4,1,7,5,7,7,2,1,5,7,4,3,4,6,1,5,7,6,5,10,6,5,5,5,56.6666666666667,0,0.75,0.666666666666667,3,5,3,4,5,0.142857142857143,NA,NA,NA,NA,NA,NA,NA,NA,0,0,NA,3,5,4,3,4,0.222222222222222,7,7,8,5,6,7,10,7,60,0,0.75,2,5,5,5,4,0.166666666666667,7,5,9,5,2,7,8,2,20,0,0.75,2,1,4,4,4,0.25,7,5,8,3,7,5,5,9.375,0,0.75,2,5,3,4,4,9,5,5,8,9,9,5,0.75,0.5,1,1,1,4,5,2,9,10,10,10,10,10,10,0.25,31.6666666666667,0,1,2,3,5,5
"66",0,20,40611.441989,0.5,1,0.5,3,0,1,0,1,3,0,4,5,5,3,1,2,1,5,4,6,6,6,1,5,5,1,1,1,2,1,1,4,4,5,1,1,1,1,5,7,4,4,4,4,2,1,1,7,6,2,7,5,4,2,8,7.08333333333333,0,0.25,0.333333333333333,5,3,3,3,4,0.142857142857143,NA,NA,NA,NA,NA,NA,NA,NA,0,0,NA,2,5,4,3,3,0.111111111111111,1,2,9,6,1,1,7,4,60,0,1,2,3,4,4,4,0.166666666666667,NA,NA,NA,NA,NA,NA,NA,NA,2.66666666666667,0,NA,4,2,4,3,3,0.25,6,4,5,2,0,7,3,33.3333333333333,0,1,3,4,2,3,4,8,3,4,10,1,0,2,1,5.33333333333333,5,1,2,4,4,5,9,10,8,0,5,5,2,0.25,48,0,5,2,3,5,5
"67",1,21,40611.441989,0.5,1,0.5,5,3,1,1,1,4,0,4,7,5,6,3,4,6,7,7,7,7,7,4,4,4,7,7,7,7,7,7,7,4,7,1,4,4,7,5,6,6,6,6,6,5,4,6,6,4,5,8,7,7,8,8,28.3333333333333,0,0.25,0,1,4,4,4,4,0,7,8,9,8,8,8,2,7,212.5,1,0.25,1,5,5,5,5,0.222222222222222,8,8,8,9,9,9,9,6,108,0,0.25,1,2,5,5,5,0.333333333333333,8,9,9,9,9,9,9,2,80,1,0.25,3,4,4,4,4,0.25,8,8,8,8,8,8,8,16.4444444444444,0,0.75,1,5,3,4,4,8,8,8,8,8,9,9,0.75,30,1,3,5,5,5,8,8,8,9,9,9,9,9,0.25,87.5,0,4,3,4,4,4
"68",1,26,7121.834049,1,0,1,4,0,0.5,0.5,1,4,0,3,7,6,5,5,5,2,7,7,7,4,7,4,2,2,5,2,5,4,6,5,5,2,7,4,3,3,5,5,6,5,4,5,5,3,6,6,6,8,2,8,4,3,6,8,24,0,0.75,0.833333333333333,1,4,4,4,4,0.428571428571429,3,5,9,9,3,6,3,2,40,0,0.75,1,5,5,5,4,0.333333333333333,3,3,8,4,6,7,3,5,24,0,0.75,1,5,5,4,4,0.333333333333333,4,3,8,6,6,2,6,4,32,0,0.75,1,2,5,4,4,0.25,2,2,2,7,2,3,7,39.4444444444444,0,0.75,1,4,3,4,4,2,2,2,9,2,3,6,0.75,4.16666666666667,1,2,5,5,4,2,3,10,8,2,8,6,6,0.75,42,0,2,2,5,5,5
"69",1,24,877737.6,0.75,1,0,2,0,1,1,1,3,0,2,3,6,5,4,6,3,6,6,6,5,6,5,6,6,7,6,5,5,6,6,6,5,6,5,5,5,5,5,5,6,4,5,5,3,2,2,7,7,7,9,3,6,6,8,14.1666666666667,0,0.5,0.333333333333333,2,5,5,5,5,0.285714285714286,8,3,7,8,7,7,2,6,8,1,0.75,2,5,4,2,2,0.222222222222222,5,5,8,8,7,7,7,2,24,0,0.5,1,5,5,5,4,0.166666666666667,9,5,8,7,3,3,4,1,80,1,0.75,3,3,5,2,2,0.25,8,0,2,6,0,4,6,9.65277777777778,0,0.75,1,5,3,4,4,7,0,3,8,0,2,8,0.75,2.70833333333333,2,2,3,4,3,5,7,10,8,8,9,6,6,0.25,18.6666666666667,0,2,3,4,5,3
"70",1,21,877737.6,0.5,1,0.5,4,1,1,1,1,3,0,4,7,5,3,4,4,5,5,6,6,4,5,4,5,5,3,1,1,1,4,4,1,4,6,1,4,4,6,2,6,7,1,4,4,3,1,5,5,4,3,10,5,3,2,0,8.5,0,0.25,0,1,5,3,4,4,0.428571428571429,NA,NA,NA,NA,NA,NA,NA,NA,0,0,NA,1,4,5,5,5,0.555555555555556,5,4,10,8,4,7,6,4,24,0,1,2,2,4,4,4,0.166666666666667,7,4,9,7,5,7,6,5,8,0,1,2,2,5,4,4,0.25,5,4,7,6,2,5,7,9.91666666666667,0,1,1,5,3,5,5,6,4,6,8,6,5,7,1,4.44444444444444,1,1,3,4,3,3,5,10,10,3,8,8,5,1,37.5,0,3,1,3,4,4
"71",1,21,40611.441989,0.5,1,0.5,4,1,1,1,0.5,4,0,5,7,4,3,5,6,7,7,7,7,5,6,1,3,1,7,6,6,7,7,5,4,4,7,1,5,5,7,3,1,7,4,6,6,3,3,5,5,7,7,10,10,7,6,9,85,0,0.25,0.333333333333333,1,5,5,4,4,0.428571428571429,7,5,10,4,4,6,4,2,150,0,0.5,2,4,4,4,4,0.444444444444444,5,8,10,9,9,8,7,6,60,0,0.25,1,3,3,4,4,0.333333333333333,6,7,10,3,3,5,4,3,2.66666666666667,1,0.75,2,1,3,4,4,0.25,5,0,0,7,0,2,8,9.91666666666667,0,0.75,2,5,2,4,4,5,0,0,7,0,7,6,0.75,0.481481481481482,1,1,3,3,4,3,6,10,7,10,7,7,8,0.5,216.666666666667,0,1,1,3,3,4
"72",1,24,40611.441989,0.75,1,0,5,3,0.5,1,1,4,0,4,6,4,5,5,7,7,6,7,5,5,7,4,4,6,7,7,7,7,7,7,5,5,6,4,6,6,6,7,4,5,7,6,4,6,2,4,6,7,2,10,6,9,0,9,56.6666666666667,0,0.75,0.333333333333333,1,4,5,4,5,0.285714285714286,5,3,7,9,6,7,4,5,5,1,0.75,3,5,5,5,5,0.333333333333333,7,3,9,6,10,3,3,4,6,0,0.75,2,5,5,5,5,0.166666666666667,7,3,8,5,5,8,9,1,2.66666666666667,1,0.75,2,3,4,3,3,0.25,8,2,1,0,5,0,4,37.9166666666667,0,0.75,1,5,1,3,3,9,0,1,8,5,5,5,0.75,50,1,2,3,4,2,7,9,9,10,10,10,10,7,0.5,312.5,0,4,3,4,5,5
"73",0,24,877737.6,0.75,1,0.5,2,0,1,1,1,3,0,5,4,3,5,5,6,7,6,7,5,3,5,3,4,5,6,7,5,7,6,6,5,4,5,2,3,3,2,1,4,5,3,6,4,2,1,1,5,5,3,7,2,6,4,2,22.6666666666667,0,0.75,0.333333333333333,4,4,4,4,4,0.428571428571429,7,2,10,3,4,6,3,5,1.66666666666667,0,0.75,1,5,4,4,4,0.333333333333333,3,3,7,3,5,3,3,3,15,0,0.75,2,3,5,5,5,0.5,5,2,8,5,3,4,3,2,8,0,0.75,4,2,4,4,4,0.5,8,1,4,3,3,3,3,33.3333333333333,0,0.75,1,4,3,4,4,8,2,5,8,2,3,3,0.75,6.66666666666667,1,1,2,3,3,7,7,10,7,8,2,7,4,0.5,450,0,5,2,4,4,4
"74",1,24,40611.441989,0.75,0,0.5,2,0,1,1,1,4,0,6,7,7,4,6,6,4,7,6,7,5,7,4,4,4,5,6,6,5,7,5,6,5,6,4,4,4,4,2,6,7,5,5,6,4,4,5,7,5,8,10,3,5,3,6,0.944444444444445,0,0.75,0.333333333333333,3,4,2,3,3,0,8,6,10,7,8,7,4,8,425,0,0.75,1,3,5,4,4,0.222222222222222,6,6,8,7,5,7,7,4,180,0,0.75,1,2,5,4,4,0,9,4,9,7,7,7,6,4,2.66666666666667,0,0.75,2,1,5,4,4,0.25,7,3,3,0,2,9,0,9.375,0,0.75,1,5,3,4,4,5,0,7,9,5,9,0,0.75,14.4444444444444,1,2,4,4,4,8,8,8,10,6,9,10,10,0.75,100,1,1,1,2,2,2
"75",1,22,877737.6,0.5,1,0,1,0,1,1,1,4,0,3,7,7,4,4,1,5,5,5,6,4,6,6,5,4,7,7,7,7,6,4,3,2,6,1,1,1,7,1,7,6,1,1,1,5,1,5,4,8,8,10,8,8,6,6,0.944444444444445,0,1,0.833333333333333,2,5,3,3,4,0.428571428571429,8,8,10,6,8,9,2,8,212.5,0,1,5,5,5,3,4,0.333333333333333,9,6,10,10,8,9,5,3,60,0,1,3,4,5,4,4,0.333333333333333,10,7,10,10,9,10,9,1,32,0,1,2,4,5,5,4,0.25,10,5,10,10,5,10,10,42.2222222222222,0,1,1,4,4,5,4,10,9,10,10,6,10,10,1,15.3333333333333,1,4,5,5,5,10,9,10,10,6,10,9,10,1,51,0,5,5,4,4,4
"76",1,24,7121.834049,0.75,1,0.5,1,0,1,1,1,5,1,4,7,6,4,4,6,4,7,7,7,3,7,4,2,5,7,7,4,6,7,7,4,4,7,1,6,6,7,5,7,7,6,2,7,2,4,5,3,0,5,7,8,10,9,10,14.1666666666667,0,1,0.5,2,4,4,4,4,0,8,5,10,7,5,10,4,10,255,0,1,1,5,5,5,4,0.444444444444444,5,5,10,10,8,10,10,1,180,0,1,2,2,4,4,4,0.166666666666667,5,5,9,9,7,10,10,4,2.66666666666667,1,1,4,2,4,4,4,0.25,7,5,5,10,3,8,10,15.7333333333333,0,1,2,5,4,4,4,9,5,5,10,3,9,10,1,4.58333333333333,1,1,5,5,5,9,9,10,10,10,10,10,10,0.25,175,1,1,1,4,5,5
"77",1,22,877737.6,0.5,1,0.5,3,0,1,0.5,1,3,0,3,7,5,6,5,4,5,7,7,7,6,5,2,4,5,3,1,5,2,5,4,2,4,5,1,3,3,4,3,5,5,4,4,4,3,4,5,5,0,1,8,9,3,9,10,21.25,0,0.25,1,2,4,3,3,4,0.428571428571429,4,1,7,7,3,9,3,7,141.666666666667,0,1,1,4,4,4,4,0.333333333333333,1,2,6,10,4,8,10,6,24,0,1,2,2,4,4,4,0.166666666666667,2,2,4,6,4,6,6,1,20,0,1,3,2,3,4,4,0.25,2,0,1,8,1,10,8,36.6666666666667,0,1,1,5,3,5,5,3,0,2,6,1,1,9,1,4.16666666666667,1,1,4,4,4,2,7,10,10,3,10,10,2,0.75,375,0,4,3,3,5,5
"78",1,20,354.730635,0.5,1,0.5,6,4,0.5,1,1,5,1,1,6,5,2,1,2,6,6,7,7,4,7,6,4,5,7,7,6,7,7,7,7,6,7,2,6,6,4,5,6,5,3,2,5,3,4,7,2,NA,NA,NA,NA,NA,NA,NA,0,0,NA,NA,1,5,5,5,5,0.428571428571429,8,0,10,6,3,8,4,8,1020,0,0.75,1,5,5,5,5,0.333333333333333,6,0,8,7,5,8,9,4,24,0,0.75,1,5,5,5,5,0,7,0,8,7,3,5,7,2,20,1,0.75,1,3,5,5,5,0.5,6,0,10,8,0,3,7,16.6666666666667,0,0.75,1,5,5,5,5,8,5,10,8,3,6,3,0.75,50,1,4,5,5,5,8,6,10,8,3,7,10,7,0.5,75,1,1,3,5,5,5
"79",1,23,877737.6,0.75,1,0,3,0,0.5,0.5,1,3,0,4,7,6,7,4,7,7,7,7,7,4,7,7,7,4,4,7,7,7,7,7,4,4,7,7,7,7,7,4,6,7,7,5,7,5,4,4,7,5,5,10,0,7,0,7,45.3333333333333,1,0.25,0.666666666666667,1,5,3,5,5,0.428571428571429,5,5,10,2,5,5,1,5,46.6666666666667,1,0.75,1,5,5,5,5,0.333333333333333,5,5,10,7,8,0,5,4,24,1,0.25,1,5,5,5,5,0.333333333333333,5,5,10,5,5,5,5,1,2.66666666666667,0,0.75,1,5,5,5,5,0.5,5,5,10,3,5,6,6,9.58333333333333,0,0.75,1,5,3,5,5,5,5,10,8,7,6,6,0.75,4.44444444444444,1,3,4,5,5,5,5,10,7,8,7,7,6,0.25,156,0,3,2,3,5,5
"80",1,23,354.730635,0.75,1,0,5,3,1,1,1,4,0,4,4,4,4,4,4,4,7,2,5,4,6,4,2,2,3,3,3,3,5,4,2,4,6,4,4,4,4,6,7,5,4,4,4,3,4,5,4,NA,NA,NA,NA,NA,NA,NA,54,0,NA,NA,3,4,3,4,4,0.285714285714286,7,3,8,9,1,10,4,8,26.6666666666667,0,0.75,3,4,4,4,4,0.222222222222222,6,2,7,4,3,8,8,4,2,0,0.25,2,2,5,4,4,0.333333333333333,7,1,5,7,0,5,7,4,2.66666666666667,0,0.75,2,1,4,4,4,0.25,5,1,1,9,0,2,1,1.31481481481481,0,0.75,4,5,3,4,4,5,2,5,9,1,1,5,0.75,0.388888888888889,4,2,3,3,3,4,5,10,8,3,8,8,6,0.75,118.75,1,3,2,3,4,4
"81",1,21,354.730635,0.5,1,0.5,5,0,0.5,1,1,5,1,1,5,5,4,2,4,5,7,6,7,1,7,1,4,2,7,7,4,7,7,6,6,4,5,4,5,5,4,1,6,6,4,4,4,2,5,5,3,0,3,10,7,7,5,6,141.666666666667,0,0.25,0.333333333333333,1,5,4,5,5,0.142857142857143,5,6,10,7,8,9,4,7,22.6666666666667,0,0.75,3,5,5,5,4,0.222222222222222,0,7,10,8,9,7,10,2,15,0,0.75,3,5,5,5,5,0.166666666666667,6,5,10,2,2,2,8,1,20,0,0.75,4,3,4,3,3,0,3,3,8,10,8,10,7,15.3333333333333,0,0.75,1,5,4,4,5,6,2,7,10,7,7,7,0.75,16.6666666666667,1,3,5,5,5,3,10,10,10,10,10,10,10,0.25,42,0,2,3,5,5,5
"82",1,24,354.730635,0.75,0,1,7,1,1,0.5,1,5,0,1,7,5,5,2,7,1,7,7,7,4,6,5,4,2,7,5,3,7,7,6,3,3,7,5,7,5,7,5,7,1,7,3,6,6,6,6,5,1,10,10,4,10,8,8,102,0,0,0.333333333333333,1,5,4,5,5,0.142857142857143,6,10,10,9,8,8,4,9,340,0,0,2,5,5,5,5,0.222222222222222,6,10,10,8,10,9,10,3,60,0,0,1,5,5,5,5,0.333333333333333,5,6,7,8,4,6,10,7,8,0,0.5,4,2,4,4,4,0.25,8,1,4,10,10,8,8,70,0,0.75,1,5,1,2,2,7,3,4,10,9,8,6,1,4.16666666666667,1,1,4,2,3,7,10,10,10,10,10,10,10,0.25,200,0,1,5,4,5,5
"83",1,23,877737.6,0.75,1,0,4,2,1,1,1,5,1,4,6,5,5,6,6,7,7,7,7,5,7,6,7,6,7,6,7,7,7,7,5,2,7,2,5,5,6,5,7,7,4,4,4,3,4,6,3,5,5,8,4,7,3,10,113.333333333333,0,0.75,0.333333333333333,2,5,4,5,5,0.428571428571429,7,5,8,7,4,9,1,7,120,0,0.75,1,5,5,4,4,0.444444444444444,7,5,8,7,8,9,10,7,15,0,0.75,2,5,5,5,5,0.333333333333333,6,4,8,9,8,10,10,1,32,0,0.75,1,4,5,4,4,0.5,6,5,5,9,5,3,3,16.4444444444444,0,0.75,2,5,2,4,4,7,5,8,8,7,3,2,0.75,4.44444444444444,5,3,4,4,4,6,10,10,10,10,10,7,3,0.25,350,0,1,4,2,4,4
"84",1,23,877737.6,0.75,1,0,3,0,0,0,0.5,5,0,1,7,5,5,1,5,7,4,4,7,4,7,6,4,7,6,5,3,5,5,5,4,2,2,3,3,3,5,7,6,5,6,4,4,2,2,6,5,6,6,8,5,3,6,7,136,0,1,1,4,5,5,5,4,0.285714285714286,8,7,8,7,6,10,3,9,28.3333333333333,0,1,2,5,5,5,4,0.333333333333333,7,6,9,6,3,8,8,4,60,0,1,3,3,5,5,4,0.166666666666667,8,7,7,8,3,7,8,2,2.66666666666667,0,1,3,3,5,5,4,0.25,7,8,5,8,4,9,7,42.0833333333333,0,1,3,5,4,5,5,8,7,5,9,3,5,8,1,0.611111111111111,2,4,3,5,5,8,8,8,8,5,10,6,2,0.5,266.666666666667,0,3,2,3,5,4
"85",1,24,877737.6,1,1,0.5,1,0,1,1,1,5,1,4,7,2,2,4,5,6,7,7,7,7,7,1,5,3,6,6,2,5,7,6,7,6,5,5,5,4,5,1,6,5,4,3,4,3,3,1,7,NA,NA,NA,NA,NA,NA,NA,0,0,NA,NA,3,3,4,3,3,0.142857142857143,0,3,10,8,7,8,4,2,56.6666666666667,0,0,1,5,5,5,5,0.444444444444444,0,0,0,0,1,1,3,6,60,0,1,1,5,5,5,5,0.5,3,0,7,1,2,0,2,2,32,0,1,2,4,5,5,5,0.25,NA,NA,NA,NA,NA,NA,NA,0,0,NA,1,3,4,3,4,0,0,0,0,0,8,0,0,1.83333333333333,1,5,5,5,5,0,5,10,10,0,5,10,10,0.25,1.16666666666667,0,1,5,5,5,5
"86",1,25,877737.6,1,1,0.5,1,0,1,1,1,4,0,6,7,6,5,5,2,2,7,7,6,5,7,1,4,1,6,6,7,6,7,7,1,1,1,1,1,1,7,2,7,5,5,4,2,2,6,7,4,3,7,8,0,0,9,10,21.25,0,1,0.333333333333333,1,5,4,5,4,0.285714285714286,8,5,8,7,0,10,7,10,6.66666666666667,0,1,1,4,4,5,5,0.333333333333333,9,5,8,10,0,10,9,5,15,0,1,1,3,5,5,5,0,8,5,8,10,10,10,8,7,32,0,1,1,2,5,5,5,0.25,1,5,8,10,10,6,10,38.3333333333333,0,1,1,5,4,4,4,5,5,8,10,0,8,10,1,0.611111111111111,1,1,4,3,3,2,10,10,10,0,10,9,9,0.5,233.333333333333,1,1,3,4,5,5
"87",1,24,877737.6,0.75,1,0,3,0,1,0.5,1,5,1,4,7,6,6,2,5,7,7,7,7,5,7,5,5,4,7,7,7,7,7,6,6,2,5,5,4,4,6,6,5,3,4,2,3,6,1,2,5,7,7,9,3,5,4,10,2.83333333333333,0,0.25,1,3,5,4,4,4,0,7,2,9,8,8,10,4,8,14.1666666666667,1,0.25,1,5,5,4,3,0.222222222222222,9,8,8,10,7,9,3,3,15,0,0.25,1,5,5,5,5,0,8,3,8,8,1,8,8,2,2.66666666666667,0,1,4,2,5,3,3,0,NA,NA,NA,NA,NA,NA,NA,0,0,NA,1,5,1,4,5,8,2,7,8,9,6,5,1,0.555555555555556,1,4,4,4,4,NA,NA,NA,NA,NA,NA,NA,NA,NA,0,NA,1,4,2,4,4
"88",1,18,877737.6,0.25,1,0,5,3,0.5,0.5,1,4,0,5,7,2,1,6,3,4,5,5,3,3,4,2,3,6,1,3,7,5,5,4,3,4,5,4,4,4,6,5,7,6,4,4,5,1,1,5,3,8,7,7,0,1,4,5,85,0,0.75,0.5,2,5,3,5,4,0.285714285714286,10,8,9,8,3,8,4,7,60,0,0.75,1,5,5,4,5,0.333333333333333,7,7,6,8,7,7,3,7,15,0,0.5,1,5,5,5,5,0.5,8,0,8,3,0,0,5,2,2.66666666666667,1,1,4,2,5,4,3,0.25,9,5,0,10,0,9,3,36.6666666666667,0,0.75,1,5,2,5,4,10,3,0,6,0,0,7,0.75,20,1,1,1,4,4,7,7,10,10,0,7,8,0,0.5,250,0,1,4,2,4,5
"89",0,24,877737.6,0.75,1,0,4,0,1,1,0,2,0,1,4,4,1,2,1,1,4,4,3,1,1,6,7,6,5,1,6,1,1,1,1,2,6,1,1,1,4,3,7,6,1,4,4,4,1,6,2,NA,NA,NA,NA,NA,NA,NA,0,0,NA,NA,3,5,5,3,3,0.142857142857143,NA,NA,NA,NA,NA,NA,NA,NA,0,0,NA,1,3,3,3,3,0.111111111111111,NA,NA,NA,NA,NA,NA,NA,NA,0,0,NA,3,3,3,3,3,0.166666666666667,NA,NA,NA,NA,NA,NA,NA,NA,0,0,NA,3,3,3,3,3,0,NA,NA,NA,NA,NA,NA,NA,0,0,NA,3,5,4,3,3,10,0,5,7,0,0,0,0.75,2.91666666666667,1,3,5,5,4,7,0,10,5,0,6,0,0,0.75,475,0,1,5,5,4,4
"90",1,21,877737.6,0.5,1,0,3,0,1,1,1,4,0,4,5,5,5,4,4,2,6,6,6,5,6,3,4,4,5,3,5,5,6,5,4,3,6,2,4,3,5,5,7,6,5,5,6,5,4,5,4,2,6,8,9,8,8,8,22.6666666666667,0,0.25,0.166666666666667,2,4,4,4,4,0.285714285714286,4,7,8,7,9,9,3,6,56.6666666666667,0,0.75,2,3,4,4,4,0.444444444444444,3,6,8,7,8,8,8,6,24,0,0.25,2,4,4,4,4,0.333333333333333,6,4,8,5,3,7,9,3,20,1,0.75,2,2,4,3,3,0.25,4,4,4,6,3,8,8,37.9166666666667,0,1,3,4,3,4,4,4,4,4,9,4,9,9,1,0.518518518518518,3,2,3,4,4,7,8,8,9,9,9,9,9,0.5,75,0,2,3,3,4,4
"91",1,24,877737.6,0.75,1,0.5,4,0,1,1,1,3,0,3,2,5,1,3,5,1,7,6,5,6,6,2,2,5,7,5,7,7,5,5,5,4,7,4,5,5,5,1,5,5,4,4,4,6,2,2,6,8,8,10,5,5,5,7,45.3333333333333,0,0.25,0,2,5,5,5,5,0,7,8,8,5,0,0,2,9,136,0,0.25,1,5,5,5,5,0.111111111111111,7,8,8,7,7,0,8,5,180,0,0.25,1,5,5,5,5,0,10,8,8,5,3,0,7,5,8,1,0.25,3,4,5,3,3,0.25,7,0,2,2,2,0,3,18.6666666666667,0,0.5,2,5,2,4,4,7,0,2,8,0,8,2,0,16.6666666666667,1,3,5,5,5,5,5,8,8,0,0,8,8,0.5,100,0,3,3,3,5,5
"92",0,24,7121.834049,1,0,1,4,2,0.5,0.5,1,1,0,2,6,2,2,2,2,2,2,2,3,1,2,4,1,6,1,1,6,1,2,2,2,5,7,6,5,6,6,1,1,6,4,7,7,6,1,1,7,6,3,8,0,10,6,8,34,0,0.25,0,2,4,4,4,4,0.428571428571429,9,8,10,4,7,8,2,4,113.333333333333,0,0.25,1,5,3,5,5,0.666666666666667,8,8,8,4,8,8,6,2,24,1,0.25,2,3,5,5,5,0.166666666666667,10,5,7,8,2,2,8,2,8,1,1,3,1,4,5,5,0.25,10,7,5,10,7,3,5,36.6666666666667,0,0.75,1,5,3,4,4,NA,NA,NA,NA,NA,NA,NA,NA,0,1,4,3,3,3,8,8,10,8,8,8,9,1,0.5,262.5,1,1,5,3,1,4
"93",1,23,877737.6,0.75,1,0,4,0,1,1,1,4,0,5,6,6,5,5,6,7,6,7,6,5,6,5,4,4,5,3,5,3,6,4,4,3,6,3,6,6,5,5,6,6,2,4,3,2,5,4,4,5,7,7,5,5,8,9,51,0,0.25,0.666666666666667,1,4,3,4,4,0.142857142857143,5,6,7,5,5,9,2,3,20,0,0.25,4,5,5,4,4,0.555555555555556,6,6,7,6,7,9,2,5,24,0,0.25,4,4,4,4,4,0.5,6,5,5,6,6,9,6,2,2.66666666666667,0,1,3,3,3,3,3,0.5,6,5,4,6,5,5,4,41,0,1,4,5,2,4,4,NA,NA,NA,NA,NA,NA,NA,NA,0,4,2,3,3,3,6,7,9,8,7,6,6,6,0.25,49.3333333333333,0,3,3,2,4,4
"94",1,18,7121.834049,0.25,1,0.5,5,2,1,1,1,3,0,5,5,4,5,5,4,6,6,6,5,4,6,6,5,5,4,4,4,3,4,4,3,3,5,4,5,5,5,6,5,6,4,3,3,3,3,5,6,5,7,7,5,5,4,4,141.666666666667,0,0.25,0.833333333333333,2,4,4,4,4,0.428571428571429,7,7,8,7,7,8,2,6,120,1,0.25,1,4,4,4,4,0.333333333333333,8,8,9,9,8,9,9,4,180,0,0.25,2,4,4,4,4,0.333333333333333,7,7,7,6,6,6,6,4,2.66666666666667,0,1,3,3,4,3,3,0.25,6,5,5,7,5,7,8,37.2222222222222,0,0.75,2,4,2,4,4,6,5,5,8,5,5,7,0.75,28,2,2,4,4,4,7,7,8,8,7,8,8,6,0.25,150,0,2,3,4,4,4
"95",1,24,877737.6,0.75,1,0.5,1,1,1,1,0.5,3,1,2,6,4,5,5,6,7,7,7,7,7,7,3,5,5,7,7,5,7,7,7,6,4,6,5,6,7,6,4,5,6,4,5,5,6,2,5,6,NA,NA,NA,NA,NA,NA,NA,0,0,NA,NA,2,4,3,4,4,0,9,7,10,4,9,9,4,8,170,0,0.75,1,4,5,5,5,0.111111111111111,7,9,10,9,10,8,10,6,108,0,0.25,1,2,5,5,5,0,9,7,10,9,3,7,9,5,80,0,0.75,1,2,5,5,4,0.25,NA,NA,NA,NA,NA,NA,NA,0,0,NA,2,4,3,4,3,9,6,6,7,2,7,5,0.75,53.3333333333333,1,4,5,5,4,NA,NA,NA,NA,NA,NA,NA,NA,NA,10.4166666666667,NA,5,5,4,4,4
"96",0,23,7121.834049,0.5,1,0.5,4,2,0.5,1,1,3,0,4,6,5,5,3,6,6,6,3,3,4,4,4,4,6,2,2,4,4,4,4,3,4,6,2,5,4,6,5,7,4,5,5,6,2,5,5,6,1,7,9,2,5,2,9,85,0,0.5,0.333333333333333,3,4,3,4,4,0.285714285714286,7,9,10,10,7,9,4,7,10.625,1,0.25,4,4,5,5,5,0.333333333333333,3,5,5,8,8,8,10,4,24,0,0.25,2,5,5,5,5,0.166666666666667,7,7,9,6,8,9,10,3,20,0,0.25,3,2,4,4,3,0.25,2,1,1,7,1,2,7,16,0,1,2,4,2,4,4,8,1,2,10,2,0,8,0.5,15,2,1,2,5,4,8,9,10,9,9,9,7,0,0.5,123.333333333333,0,1,1,2,4,5
"97",1,26,877737.6,1,0,1,2,0,1,1,1,3,0,5,7,5,4,4,5,3,6,3,6,4,5,3,4,5,4,5,5,3,6,2,3,2,6,2,1,1,4,2,5,7,2,5,4,2,3,5,3,8,7,10,8,5,6,5,28.3333333333333,0,0.25,0.666666666666667,2,4,4,5,4,0.428571428571429,6,7,10,8,3,8,1,6,26.6666666666667,0,1,2,5,5,5,4,0.444444444444444,9,6,8,10,7,10,10,4,108,0,0.75,2,5,5,5,5,0.666666666666667,8,5,10,8,2,8,8,1,20,0,0.75,4,2,4,5,4,0.5,10,4,10,7,3,7,5,40.8333333333333,0,1,1,5,3,5,4,10,3,10,10,0,7,2,0.75,5.77777777777778,1,1,4,5,5,8,9,10,10,9,9,9,8,1,110,0,2,4,3,5,5
"98",0,20,877737.6,0.5,1,0,4,2,0.5,0,0.5,3,0,1,6,5,2,5,6,7,5,4,7,6,5,6,6,6,5,3,7,5,5,3,3,5,1,4,5,5,5,5,6,6,4,4,4,4,5,6,6,5,2,10,6,0,6,8,153,0,1,0.666666666666667,2,5,4,4,4,0.142857142857143,3,3,10,7,5,7,1,7,40,1,0.5,1,5,5,4,4,0.222222222222222,6,7,10,9,7,9,6,1,2,0,0.5,2,2,4,4,4,0.166666666666667,6,8,10,9,2,8,7,2,8,1,1,3,2,4,4,4,0.25,3,3,7,10,0,8,9,16.8888888888889,0,1,2,5,4,4,4,8,0,7,10,0,2,10,1,40,1,3,3,5,4,8,10,10,10,0,10,10,0,0.5,600,0,2,4,4,5,5
"99",0,24,7121.834049,0.75,1,0,2,0,1,1,1,4,0,3,6,5,4,3,4,3,6,4,6,5,5,3,5,4,6,5,2,4,3,3,3,1,7,3,6,5,6,5,6,6,5,7,5,3,6,6,2,3,6,3,7,9,8,9,85,1,0,0.166666666666667,4,5,3,4,4,0.285714285714286,6,7,10,10,8,10,3,3,113.333333333333,0,0.75,1,5,5,4,4,0.222222222222222,7,7,9,10,10,7,10,4,24,0,0.75,1,3,5,5,5,0.166666666666667,NA,NA,NA,NA,NA,NA,NA,NA,2.66666666666667,0,NA,1,1,5,4,4,0.25,6,6,3,7,2,6,9,15.1111111111111,0,0.75,1,5,4,4,4,NA,NA,NA,NA,NA,NA,NA,NA,0,1,1,3,3,3,7,8,10,9,6,9,8,8,0.75,216.666666666667,1,1,2,3,4,5
"102",1,28,877737.6,1,0,1,4,2,1,1,1,4,1,3,4,5,6,3,6,7,7,7,7,5,7,1,1,1,7,7,5,7,7,7,7,4,5,5,4,4,5,1,1,1,4,4,4,7,1,1,7,NA,NA,NA,NA,NA,NA,NA,0,0,NA,NA,5,5,4,4,4,0.142857142857143,6,8,10,9,9,10,2,8,425,0,0.25,1,5,5,4,5,0.111111111111111,3,8,8,8,9,7,9,2,180,0,0.25,1,4,5,5,5,0,8,8,10,7,5,7,8,2,8,0,0.25,2,1,5,4,3,0,3,0,0,1,0,8,5,36.6666666666667,0,0.5,1,5,4,4,4,1,0,0,0,0,0,7,0.5,16.6666666666667,1,1,5,4,4,2,10,10,10,10,8,10,5,0.25,42,0,3,1,4,3,4
"104",1,25,877737.6,0.75,0,1,2,0,0.5,0.5,1,3,1,5,3,5,5,5,2,1,6,2,5,3,3,1,1,6,6,6,1,5,6,6,3,2,3,3,1,1,6,1,6,7,1,4,4,3,1,6,3,0,7,9,0,0,0,9,85,0,0.75,0.333333333333333,1,5,2,4,4,0.142857142857143,3,7,10,6,0,0,4,8,204,0,0.75,1,5,5,4,4,0.555555555555556,0,4,8,0,0,0,7,3,15,0,0.75,1,2,4,4,4,0.166666666666667,3,3,9,5,0,0,3,2,32,0,0.75,1,2,4,4,4,0.25,4,0,0,9,0,6,8,72,0,0.75,2,5,3,4,4,6,0,0,10,0,1,7,0.75,30,1,1,1,4,4,0,7,10,9,7,9,10,3,0.75,42,0,2,2,3,4,4
"105",0,19,877737.6,0.5,0,1,5,3,1,1,0.5,4,0,3,7,5,7,5,7,7,7,7,7,5,7,4,7,3,7,1,4,7,5,4,4,7,4,7,7,7,7,1,7,7,7,7,7,4,1,1,4,NA,NA,NA,NA,NA,NA,NA,0,0,NA,NA,4,5,5,5,5,0.285714285714286,5,10,10,7,10,7,4,10,1.88888888888889,0,0.25,1,5,5,5,5,0.333333333333333,7,7,10,7,10,10,0,4,60,1,1,1,5,5,5,5,0.333333333333333,NA,NA,NA,NA,NA,NA,NA,NA,2.66666666666667,0,NA,3,5,5,5,5,0.5,0,0,5,10,10,10,10,297.5,0,1,1,5,5,5,5,7,0,10,10,10,0,10,1,5.33333333333333,1,5,2,5,5,5,10,10,10,10,10,5,0,0.25,356.25,0,3,5,5,5,5
"106",1,18,191847.878788,0.25,1,0,2,0,1,1,0.5,3,1,4,7,5,7,6,4,7,7,7,5,5,7,4,7,6,7,7,4,7,7,7,4,4,7,4,7,7,7,4,4,6,6,4,7,5,5,7,4,2,2,10,8,6,6,0,8.5,0,1,0.666666666666667,1,5,5,5,5,0.428571428571429,6,0,10,6,5,10,1,6,3.33333333333333,0,1,1,5,5,5,5,0.333333333333333,7,0,10,8,8,10,5,4,180,0,1,1,5,5,5,5,0.333333333333333,8,0,10,10,0,10,10,1,20,1,1,1,3,5,5,5,0.5,8,0,5,8,0,4,5,3.94444444444444,0,1,1,5,5,5,5,7,0,5,10,0,10,0,1,4.16666666666667,1,3,3,5,5,8,0,10,9,7,10,10,10,1,312.5,1,1,5,5,5,5
"107",0,28,191847.878788,1,0,1,1,0,1,1,1,2,0,4,7,7,5,4,7,7,7,5,7,4,7,4,7,7,5,5,7,7,7,4,4,1,7,7,7,7,5,1,7,7,4,4,4,4,7,7,7,10,0,10,0,10,6,8,24,0,0.25,0,1,3,3,3,3,0.285714285714286,8,0,9,3,10,9,2,3,113.333333333333,0,0.75,2,3,5,4,4,0.333333333333333,5,0,10,9,10,5,5,1,24,0,1,3,1,5,5,5,0.5,0,0,9,7,0,8,8,1,32,0,1,3,1,5,3,3,0.25,6,0,5,8,8,5,5,36.6666666666667,0,1,1,5,3,3,3,6,0,5,5,10,6,5,1,2.91666666666667,1,1,3,3,3,1,8,10,8,10,6,0,5,1,90,0,1,5,3,5,5
"108",0,20,877737.6,0.5,1,0.5,4,0,1,1,1,2,0,3,6,5,6,3,7,6,6,6,5,5,5,4,4,4,4,2,5,5,5,5,4,4,5,5,6,5,5,4,5,5,4,4,4,3,2,5,5,3,2,8,4,6,7,7,283.333333333333,0,0.25,0.166666666666667,1,5,4,4,4,0.285714285714286,NA,NA,NA,NA,NA,NA,NA,NA,0,0,NA,3,4,4,3,3,0.333333333333333,6,3,7,8,6,7,9,2,24,0,0.25,1,2,3,4,4,0.5,8,3,7,8,3,7,6,2,20,1,1,2,3,5,4,3,0.25,7,2,3,8,4,6,7,40,0,1,2,4,4,4,4,8,4,6,9,5,6,6,1,3.16666666666667,1,2,3,4,4,6,5,9,7,6,7,6,6,1,123.333333333333,0,2,3,4,4,4
"109",1,18,40611.441989,0.25,1,0,3,1,1,1,0.5,4,0,2,7,4,4,4,4,4,6,5,5,5,6,4,2,5,7,7,7,7,6,5,5,4,6,2,6,6,4,5,6,5,7,7,6,3,1,6,4,9,8,10,3,0,1,7,2.83333333333333,0,0.25,0,1,5,4,4,4,0.285714285714286,10,5,9,1,3,5,4,9,45.3333333333333,0,1,2,3,5,3,3,0.444444444444444,4,7,8,5,3,7,7,4,108,0,1,1,2,5,4,4,0.166666666666667,9,5,6,6,6,7,7,2,2.66666666666667,0,1,1,1,4,4,4,0,8,1,5,2,1,7,0,1.22222222222222,0,1,1,4,3,5,5,10,0,5,10,0,0,0,1,44,1,1,4,5,5,8,6,10,7,6,6,7,0,1,84,1,1,2,3,4,3
"110",1,22,877737.6,0.75,1,0.5,1,0,1,1,1,3,1,3,7,4,2,5,1,5,6,7,7,5,7,5,2,5,7,7,2,5,7,6,4,1,6,2,2,2,4,5,6,7,4,4,2,4,1,5,5,0,0,8,0,0,0,2,11.3333333333333,0,0.5,0.333333333333333,1,3,3,4,4,0,1,3,10,2,0,6,2,7,33.3333333333333,0,0.75,1,4,5,5,4,0.222222222222222,0,4,8,0,0,5,7,2,24,0,0.75,1,2,5,5,5,0,2,1,10,2,0,4,7,1,80,0,0.75,1,2,5,5,4,0,3,0,6,5,0,2,4,16,0,0.25,1,5,4,4,4,NA,NA,NA,NA,NA,NA,NA,NA,0,1,1,1,5,5,1,5,10,10,0,7,9,9,0.25,5.33333333333333,1,5,2,2,5,4
"111",1,23,354.730635,0.75,1,0,5,2,0.5,0.5,1,3,0,4,4,4,4,5,5,6,6,6,6,6,6,7,7,7,5,6,5,5,7,5,4,5,7,7,7,7,6,6,6,6,4,4,4,6,7,7,6,8,8,10,8,10,8,8,90,0,0,0.5,2,5,3,5,5,0.571428571428571,8,8,10,10,9,10,3,8,33.3333333333333,1,0.25,3,5,4,4,3,0.555555555555556,7,8,10,10,10,10,10,1,60,0,0,3,5,5,5,5,0.5,10,8,10,7,10,8,8,1,32,1,0.75,3,3,5,4,3,0.25,7,7,5,5,5,5,5,10.2777777777778,0,0.75,2,5,3,3,3,5,5,5,5,5,7,7,0.75,12.2222222222222,1,4,4,4,4,10,10,10,10,10,10,10,10,0.5,275,1,3,3,3,5,5
"112",1,25,877737.6,0.75,0,0.5,2,0,1,1,1,3,0,4,5,7,6,4,5,4,6,6,5,4,7,3,4,6,7,4,2,5,6,7,1,1,6,2,1,1,5,2,7,6,4,4,4,3,2,7,4,0,0,10,5,8,3,7,0.944444444444445,0,0.5,0.333333333333333,1,4,4,5,5,0,6,6,10,4,8,10,3,10,113.333333333333,1,0.25,1,5,4,5,5,0.222222222222222,5,8,3,3,8,8,8,3,144,0,0.25,1,5,5,5,5,0.166666666666667,3,6,6,4,5,8,10,4,32,0,0.5,1,3,5,4,3,0,7,2,0,8,0,5,6,9.16666666666667,0,0.5,3,5,4,4,5,10,10,5,6,10,10,8,0.5,50,1,2,4,4,4,8,10,10,10,10,10,10,7,0.25,41.6666666666667,0,4,3,3,5,5
"117",1,24,877737.6,0.5,1,0,5,0,1,1,1,4,0,5,6,7,5,5,7,6,7,6,6,5,6,4,4,5,5,5,5,5,6,6,3,2,7,3,3,3,5,5,6,1,6,6,6,3,2,6,5,4,4,10,3,5,6,6,22.6666666666667,0,1,0.666666666666667,1,5,4,5,4,0.285714285714286,8,7,10,7,5,10,4,6,127.5,0,0.25,1,5,5,5,5,0.555555555555556,8,4,9,7,5,8,7,4,60,0,0.25,1,4,5,5,5,0.333333333333333,6,4,10,7,4,7,6,3,32,0,1,3,2,4,4,4,0.25,7,3,7,8,4,5,3,36.6666666666667,0,1,1,5,4,5,5,5,3,7,8,2,8,4,1,5.77777777777778,1,1,4,5,5,5,7,10,10,9,8,10,10,0.5,154.166666666667,0,4,3,4,5,5
"118",0,24,877737.6,0.5,1,0,4,2,1,0.5,1,4,0,4,6,5,5,5,5,6,6,6,6,5,6,5,7,5,5,3,6,4,5,6,5,3,7,2,2,2,4,5,7,2,6,4,5,3,4,6,7,4,7,8,4,7,6,9,153,0,0.25,0,3,5,5,5,5,0.142857142857143,6,6,6,6,7,9,5,8,20,1,0.25,2,5,5,5,5,0.444444444444444,6,6,7,7,7,8,9,6,15,0,0.25,2,5,5,5,5,0.333333333333333,8,7,8,6,7,7,8,5,2.66666666666667,1,0.25,3,4,5,4,4,0.25,7,5,6,9,8,7,4,14.6666666666667,0,0.75,1,5,4,4,4,NA,NA,NA,NA,NA,NA,NA,NA,0,1,1,1,4,2,8,6,9,9,10,9,10,8,0.5,87.5,0,1,3,4,4,4
"119",0,24,877737.6,0.75,1,0.5,4,0,0,0.5,1,2,0,1,6,4,4,2,4,5,4,4,6,5,5,1,4,5,2,1,2,1,2,2,1,5,2,6,4,1,3,4,7,7,4,4,4,2,1,1,4,NA,NA,NA,NA,NA,NA,NA,56.6666666666667,0,NA,NA,4,3,3,3,3,0.285714285714286,NA,NA,NA,NA,NA,NA,NA,NA,102,1,NA,3,5,4,5,5,0.333333333333333,NA,NA,NA,NA,NA,NA,NA,NA,24,1,NA,1,1,4,4,4,0.333333333333333,NA,NA,NA,NA,NA,NA,NA,NA,20,1,NA,1,1,4,5,5,0.25,NA,NA,NA,NA,NA,NA,NA,101.333333333333,0,NA,1,5,3,5,5,NA,NA,NA,NA,NA,NA,NA,NA,0,1,1,3,3,3,NA,NA,NA,NA,NA,NA,NA,NA,NA,105,NA,1,1,3,2,4
"120",0,24,191847.878788,0.75,0,0.5,5,2,1,1,1,4,0,5,6,6,6,5,5,5,6,6,5,4,6,5,6,5,5,6,7,6,6,6,3,5,7,6,6,6,5,5,7,7,6,5,7,6,6,6,5,7,6,7,8,7,8,10,113.333333333333,0,0.5,0.666666666666667,3,5,4,3,4,0.285714285714286,8,6,10,5,8,10,3,10,108,1,0.5,1,5,5,5,4,0.333333333333333,8,6,9,5,5,9,9,4,6,0,0.25,3,5,5,5,5,0.5,7,7,8,8,8,10,8,4,20,1,0.75,2,5,5,5,5,0.5,8,4,7,10,3,6,6,9.58333333333333,0,0.75,1,5,3,5,5,8,0,5,10,0,3,8,0.75,12.5,1,4,3,5,4,7,10,10,10,10,10,10,2,0.25,107,0,1,4,3,5,4
"121",0,23,354.730635,0.75,1,0.5,7,3,1,1,1,3,1,5,5,5,2,4,5,1,5,2,4,5,3,1,5,5,4,3,6,5,2,1,2,2,5,3,4,4,5,3,6,6,3,2,2,3,3,6,4,2,0,10,3,3,1,1,36,0,1,0.833333333333333,1,4,3,5,4,0.285714285714286,7,0,10,4,2,3,3,2,340,0,1,1,5,5,5,5,0.333333333333333,4,0,10,7,3,3,6,1,180,0,1,1,4,5,5,5,0.333333333333333,8,0,10,4,2,3,7,2,32,0,0.75,2,3,5,5,5,0.5,7,0,8,2,0,4,4,15,0,1,1,5,3,5,5,6,0,10,10,0,0,5,0.75,35,1,3,4,5,5,8,0,10,10,0,10,1,0,0.75,300,0,1,3,3,5,5
"122",0,24,877737.6,0.5,1,0,5,2,1,1,NA,3,0,5,6,6,5,6,5,7,6,7,6,6,6,4,4,3,4,4,7,1,5,5,2,4,4,4,4,7,6,2,7,6,6,4,6,4,4,7,4,0,3,10,8,5,5,9,24,0,1,0.666666666666667,1,5,3,5,5,0.428571428571429,3,5,9,7,8,9,3,5,141.666666666667,1,1,2,5,4,5,5,0.555555555555556,1,6,10,8,9,7,5,1,450,1,0.25,3,3,4,5,5,0.333333333333333,NA,NA,NA,NA,NA,NA,NA,NA,0,0,NA,5,1,4,1,1,0,1,0,5,0,0,0,0,16,0,1,1,5,3,5,5,NA,NA,NA,NA,NA,NA,NA,NA,0,1,1,4,3,3,5,9,10,10,10,10,10,10,0.25,118.75,0,2,3,3,4,5
"123",0,23,877737.6,0.75,1,0,2,0,0.5,0.5,1,4,1,2,4,7,5,3,3,7,7,4,7,5,7,3,6,6,7,6,3,6,7,3,5,3,3,3,6,3,5,3,6,2,4,4,4,7,1,5,5,6,10,10,9,7,8,8,162,0,0.25,0,2,5,5,5,5,0.142857142857143,8,10,10,8,9,9,5,6,48,0,0.25,1,5,5,5,5,0.222222222222222,6,10,10,10,8,9,9,4,60,0,0.25,1,1,5,5,5,0.166666666666667,10,6,9,6,4,10,10,3,20,1,1,1,1,5,5,5,0.25,10,3,6,6,0,6,7,1.11111111111111,0,1,1,5,3,5,5,3,0,0,10,10,6,10,1,2.70833333333333,1,1,4,5,5,7,8,10,10,10,10,10,6,0.5,337.5,0,1,3,5,5,5
"124",0,20,354.730635,0.5,1,0,4,2,1,0.5,1,2,0,3,1,2,3,5,4,3,6,4,6,4,4,4,6,6,3,1,1,1,2,2,3,4,4,2,4,4,3,4,5,7,7,7,7,1,2,6,4,3,3,8,5,3,9,9,15,0,0.75,1,1,5,3,4,4,0.428571428571429,6,0,9,5,2,9,4,9,7.08333333333333,1,0.75,1,4,3,4,4,0.333333333333333,5,5,9,7,5,9,9,1,6,0,0.75,1,5,5,5,4,0.333333333333333,5,5,9,9,5,9,9,1,20,0,0.75,1,3,5,4,4,0.25,6,0,2,5,0,4,0,15.3333333333333,0,0.75,3,5,2,4,4,5,5,5,10,0,0,6,0.75,4.44444444444444,1,2,3,5,5,5,5,10,7,0,8,0,0,0.75,16,0,3,3,3,4,4
"125",0,19,877737.6,0.5,1,0,4,2,0.5,0.5,1,3,0,2,5,5,5,4,6,7,6,5,6,4,6,2,1,1,5,2,6,5,5,4,6,4,6,5,6,7,5,1,1,3,5,5,6,3,1,2,6,6,6,6,6,4,4,4,170,0,0.25,0,2,4,3,5,4,0.285714285714286,8,5,8,8,4,8,4,7,1.66666666666667,1,0.25,1,4,4,4,4,0.111111111111111,7,6,9,6,7,7,8,4,60,0,0.75,1,3,5,5,5,0.5,8,8,9,7,4,8,8,1,8,1,0.75,1,2,5,4,4,0.25,8,2,2,3,1,3,1,9.16666666666667,0,0.75,1,4,3,4,5,8,1,5,8,4,5,3,0.75,0.333333333333333,1,2,2,4,4,6,4,9,7,1,7,7,2,0.75,437.5,0,1,1,3,5,5
"126",1,21,877737.6,0.5,1,0.5,6,4,1,1,0.5,5,0,3,1,1,3,4,6,1,7,7,7,6,7,5,6,5,7,7,7,7,7,7,6,4,5,3,4,4,7,7,7,5,2,2,5,7,1,7,7,5,8,10,9,10,10,10,11.3333333333333,1,0.75,1,4,5,5,5,5,0.285714285714286,7,8,10,9,9,10,4,10,2.66666666666667,0,0.75,2,5,5,5,5,0.333333333333333,7,8,10,10,10,10,10,2,15,1,0.75,1,2,5,4,5,0.333333333333333,8,9,10,9,10,10,10,1,80,1,0.75,1,3,5,5,5,0.25,8,8,10,9,10,10,10,15.3333333333333,0,1,2,5,5,5,5,8,8,10,10,8,10,10,1,0.555555555555556,1,4,4,5,5,7,10,10,10,10,10,9,9,0.75,225,0,1,5,5,5,5
"127",1,22,354.730635,0.5,1,0.5,4,2,0,0.5,1,4,1,3,5,4,3,5,3,6,6,5,7,6,7,2,3,2,5,5,2,3,3,3,3,3,6,4,3,3,5,6,5,5,3,5,4,2,2,5,4,7,8,10,6,3,8,10,11.3333333333333,0,0.75,0.333333333333333,2,4,2,2,4,0.142857142857143,6,9,10,7,4,10,4,5,56.6666666666667,0,0.25,1,5,5,4,4,0.222222222222222,8,8,10,8,5,9,2,4,60,0,0.25,1,5,5,4,5,0.333333333333333,8,6,10,6,4,8,4,2,32,1,0.75,1,4,5,4,4,0.25,6,4,10,2,4,6,2,9.83333333333333,0,0.75,2,5,2,5,5,6,2,10,10,1,9,8,1,4.16666666666667,1,3,5,4,4,8,9,10,7,4,8,7,7,0.25,106.25,0,1,3,2,5,5
"128",0,25,877737.6,0.75,0,0,3,0,0.5,0.5,1,4,0,1,7,5,4,4,5,7,7,7,7,5,6,4,1,4,7,7,6,6,5,4,6,4,5,5,4,4,4,4,3,4,4,4,5,3,1,1,4,7,7,10,2,8,0,8,28.3333333333333,0,0.25,0,1,3,3,4,4,0.285714285714286,9,1,10,5,4,9,4,10,13.3333333333333,1,0.25,1,5,5,4,4,0.333333333333333,7,6,10,7,6,8,9,2,15,0,0.25,1,5,5,4,4,0.166666666666667,9,5,10,6,2,6,8,3,2.66666666666667,0,0.25,1,3,5,3,3,0.25,8,7,4,2,7,2,6,40,0,1,1,5,3,4,4,7,1,1,6,5,0,1,1,0.333333333333333,1,2,4,4,4,9,2,10,8,10,9,6,0,0.25,140,NA,1,4,5,5,4
"129",0,27,877737.6,1,1,0.5,3,1,1,1,1,3,0,4,5,5,5,4,5,7,5,7,5,4,6,4,4,5,5,5,5,5,6,6,4,4,5,7,6,6,6,2,4,6,4,5,4,4,1,4,5,4,0,7,2,7,1,8,22.6666666666667,0,1,0.333333333333333,1,5,3,5,4,0.142857142857143,9,2,10,7,10,8,4,8,6.66666666666667,1,1,3,5,4,4,4,0.222222222222222,6,0,8,5,9,0,8,6,24,0,1,1,5,5,5,5,0.333333333333333,8,1,10,8,0,8,8,1,32,0,1,3,2,4,4,5,0.25,6,5,8,8,8,7,9,15.1666666666667,0,1,5,5,3,5,3,1,1,10,10,0,0,5,1,0.333333333333333,5,1,1,3,3,8,0,10,8,5,7,7,0,0.25,175,0,5,3,3,5,4
"131",0,23,354.730635,0.5,1,0.5,6,4,0.5,1,1,3,0,1,7,2,6,4,5,7,6,6,6,4,7,4,4,1,7,1,1,5,7,6,4,6,6,6,5,2,2,5,5,3,5,2,4,6,3,5,6,4,8,8,8,8,3,7,141.666666666667,0,0.75,0.666666666666667,2,1,3,3,4,0,3,8,10,9,9,9,3,7,13.3333333333333,1,0.5,2,3,4,4,4,0.222222222222222,1,9,10,10,10,7,9,2,180,0,0.5,3,3,5,3,4,0.333333333333333,1,2,9,7,2,2,5,2,20,0,0.75,4,1,5,4,3,0.25,4,1,2,10,7,8,8,40,0,0.75,1,4,3,4,4,6,1,1,10,4,3,6,0.75,0.472222222222222,1,1,2,3,3,5,10,10,10,10,7,9,3,0.25,216.666666666667,0,1,2,3,5,4
"132",0,26,7121.834049,0.75,1,0,5,0,1,0.5,NA,4,0,3,7,6,5,4,5,6,6,6,6,5,7,6,6,6,7,6,4,5,6,4,4,3,6,5,4,4,6,5,6,6,5,5,6,3,4,6,6,6,5,7,7,7,7,7,357,0,0,0.666666666666667,2,5,4,5,5,0.285714285714286,8,7,9,6,6,7,2,7,56.6666666666667,0,0.25,1,4,4,4,4,0.444444444444444,7,7,8,8,9,8,5,2,24,0,0.25,1,4,4,5,5,0.166666666666667,8,6,9,7,7,7,8,2,32,0,1,1,3,4,4,4,0.25,7,6,7,9,8,8,9,40,0,1,2,5,4,5,5,8,4,7,9,7,6,9,1,14.4444444444444,1,3,5,5,5,7,5,9,9,9,9,9,8,0.25,325,0,1,4,5,5,5
"140",1,23,191847.878788,0.75,1,0.5,4,0,1,0.5,1,4,0,5,5,6,2,5,5,3,7,4,7,5,7,3,2,5,6,5,1,6,6,6,6,6,6,4,3,3,6,4,6,4,5,3,3,4,5,5,6,6,4,9,7,5,8,8,22.6666666666667,0,0.25,0.666666666666667,2,5,3,4,4,0,8,2,10,8,5,7,3,8,48,0,1,2,4,5,4,5,0.333333333333333,7,6,9,9,7,8,8,4,24,0,0.25,1,4,5,4,4,0.166666666666667,9,3,7,6,3,6,7,2,32,1,1,1,3,3,4,4,0.25,7,1,1,9,3,8,7,37.2222222222222,0,1,3,5,3,5,4,7,2,2,9,5,7,5,1,4.58333333333333,2,4,4,4,4,6,7,9,10,7,9,9,7,0.5,37.5,0,3,2,4,4,4
"141",1,23,877737.6,1,0,0.5,1,0,1,1,1,5,0,6,7,5,2,4,5,5,6,7,6,5,6,6,4,5,5,4,2,5,5,5,4,2,6,4,6,6,5,2,4,7,6,5,4,3,6,6,4,NA,NA,NA,NA,NA,NA,NA,0,0,NA,NA,4,4,3,3,4,0.142857142857143,7,8,9,10,7,9,3,8,48,0,0.75,1,4,5,5,5,0.333333333333333,2,7,8,7,8,9,9,4,2,0,0.25,3,5,5,5,5,0.166666666666667,8,6,9,7,1,6,8,2,20,1,1,3,4,5,3,4,0.25,5,2,2,6,3,6,6,8.33333333333333,0,1,1,4,3,4,4,4,3,7,8,1,8,8,1,4.16666666666667,1,3,2,2,3,3,4,5,8,4,7,9,9,0.5,90,0,1,2,4,4,4
"142",1,22,877737.6,0.5,1,0,4,1,1,1,1,4,0,3,4,3,1,3,4,3,5,5,6,5,6,4,3,3,5,4,6,6,5,4,3,3,5,3,5,5,6,6,5,6,4,4,3,3,5,4,5,5,3,8,6,6,5,6,56.6666666666667,0,0,0.333333333333333,2,5,3,5,4,0.142857142857143,8,6,8,8,4,7,3,6,42.5,1,1,2,5,4,4,4,0.333333333333333,7,7,8,9,6,6,7,2,60,1,0.25,2,5,4,5,5,0.333333333333333,9,6,7,4,3,5,7,4,32,1,1,3,2,4,4,3,0.25,6,2,2,9,1,8,3,1.55555555555556,0,1,1,5,2,1,3,6,3,5,9,2,4,7,1,5.77777777777778,1,2,2,3,3,6,9,9,8,8,8,6,3,0.25,46,0,4,4,3,5,5
"143",1,24,877737.6,0.75,0,1,3,0,1,0.5,1,4,0,1,6,6,4,3,5,4,5,5,7,4,5,2,3,1,6,7,2,6,7,5,5,2,7,2,2,6,1,7,5,6,3,2,4,3,5,5,3,2,7,9,2,4,3,5,21.25,0,0.25,0,1,4,3,4,4,0.285714285714286,7,4,8,2,4,4,4,9,170,0,0.75,1,5,5,4,4,0.444444444444444,6,5,10,6,6,3,7,4,6,0,0.25,1,4,5,5,5,0,8,3,9,6,3,5,7,2,32,1,0.75,2,2,5,3,3,0.25,7,0,0,8,0,0,0,16,0,0.75,1,5,1,4,4,7,0,0,10,0,9,7,0.75,16.6666666666667,1,1,4,4,5,6,8,10,10,8,8,8,8,0.5,70,0,1,2,3,5,5
"144",1,26,40611.441989,0.75,1,0.5,1,0,1,0.5,0.5,4,0,3,6,6,4,5,5,6,6,6,7,4,5,4,6,5,7,7,7,7,7,7,6,2,4,4,6,6,5,3,7,7,3,4,4,3,2,6,6,5,7,8,8,8,6,5,1.88888888888889,0,0.25,0,1,5,4,5,4,0,8,9,10,6,10,8,2,7,48,1,0.5,2,5,5,4,5,0.222222222222222,5,5,8,8,8,6,6,3,60,0,1,3,5,5,5,5,0.333333333333333,8,6,8,6,6,6,7,2,2.66666666666667,1,1,3,3,4,4,3,0.25,8,5,7,4,7,7,7,69,0,1,1,5,3,4,5,8,5,7,7,8,7,7,0.25,50,1,4,4,4,4,8,9,10,10,10,10,10,7,1,5.83333333333333,1,3,3,3,4,5
"145",1,24,877737.6,1,0,0,2,0,1,1,1,5,1,4,6,5,2,3,6,6,7,6,7,4,7,3,1,2,7,6,4,5,7,6,5,2,3,5,7,7,6,1,2,7,6,5,2,6,1,6,5,4,1,10,0,3,0,8,22.6666666666667,0,0.75,0.333333333333333,1,5,5,5,4,0.142857142857143,5,3,9,1,5,9,3,8,170,0,0.75,1,5,5,4,4,0.333333333333333,6,4,9,8,9,9,8,4,108,0,0.75,1,2,5,5,5,0,7,5,9,7,7,9,9,1,8,1,0.75,1,2,5,4,4,0,7,4,7,8,2,10,9,15,0,1,1,5,4,5,5,5,4,7,6,2,9,6,1,50,1,2,5,3,3,6,7,10,10,2,10,8,10,1,70,0,4,2,5,5,5
"146",1,23,877737.6,0.75,1,0,2,0,1,1,1,3,0,4,6,4,2,6,6,5,6,6,5,4,6,4,5,5,7,7,6,6,5,5,3,2,7,5,3,3,7,3,7,7,6,4,5,6,2,6,7,3,5,10,6,8,5,2,22.6666666666667,0,0.75,0.166666666666667,1,5,4,4,4,0.428571428571429,7,5,10,10,8,9,2,10,26.6666666666667,0,0.75,1,5,5,5,5,0.333333333333333,5,5,10,7,10,10,9,4,24,0,0.75,2,3,5,5,5,0.333333333333333,8,2,10,6,2,2,9,1,8,1,1,3,3,5,3,3,0.25,8,3,8,8,8,8,8,16,0,0.75,2,4,3,4,4,9,5,5,10,5,5,7,0.75,13.3333333333333,1,2,3,4,3,10,8,10,10,10,10,10,10,0.75,308.333333333333,0.5,4,2,4,3,3
"148",1,24,877737.6,0.75,1,0.5,4,1,0.5,0.5,1,3,0,2,6,5,3,6,2,6,4,5,6,1,7,3,6,6,6,5,5,4,3,5,3,4,6,1,2,2,4,3,6,4,5,4,4,5,3,4,7,9,6,8,5,2,2,0,102,0,0.25,0,1,3,3,4,4,0.285714285714286,4,4,10,6,5,5,4,7,136,0,0.25,3,5,5,3,5,0.555555555555556,5,5,10,9,5,5,6,1,144,0,0.25,1,1,5,5,5,0.5,8,7,4,8,7,5,10,1,32,1,0.25,1,1,3,3,4,0.25,9,2,8,8,2,2,8,38.8888888888889,0,1,1,5,3,4,5,6,2,8,8,6,6,2,1,6,1,2,4,4,4,8,2,10,10,10,10,5,5,0.5,118.75,0,1,4,3,4,5
"149",1,25,877737.6,1,0,0.5,4,0,0.5,0.5,1,3,0,5,7,7,5,4,5,7,7,7,7,4,7,5,6,4,6,6,6,4,5,5,5,5,5,3,6,6,6,6,6,7,6,5,5,5,5,6,6,8,8,10,9,8,8,10,45.3333333333333,0,0.25,0.166666666666667,2,5,4,4,4,0.571428571428571,NA,NA,NA,NA,NA,NA,NA,NA,0,0,NA,3,4,3,3,3,0.222222222222222,8,8,10,9,9,9,9,7,24,0,0.25,1,4,4,5,4,0.166666666666667,NA,NA,NA,NA,NA,NA,NA,NA,0,0,NA,3,3,3,3,3,0,9,9,9,9,9,9,9,14.8888888888889,0,0.75,2,5,3,4,4,NA,NA,NA,NA,NA,NA,NA,NA,0,1,1,4,3,3,8,9,9,9,10,10,10,8,0.25,312.5,1,3,5,3,3,3
"150",1,22,877737.6,0.75,1,0.5,3,0,1,1,1,3,1,7,6,3,2,4,5,2,6,2,5,6,5,3,5,7,6,5,7,7,5,5,4,4,6,5,6,6,6,4,5,7,6,5,4,5,2,2,7,3,0,7,7,8,7,9,11.3333333333333,0,0.75,0.666666666666667,3,5,2,5,5,0,5,6,10,9,9,7,2,6,28.3333333333333,0,0.75,1,4,5,5,5,0.444444444444444,7,6,6,2,9,8,3,4,60,0,0.75,2,2,5,5,5,0.333333333333333,7,6,7,8,6,8,4,1,8,1,0.75,4,2,4,4,4,0.5,7,3,4,8,3,3,7,14.6666666666667,0,0.75,1,5,2,3,3,7,3,6,9,3,9,7,0.75,16.6666666666667,1,2,4,4,4,7,6,10,8,8,8,9,8,0.75,2,1,3,3,2,4,4
"151",1,25,354.730635,1,0,0.5,2,0,0.5,0.5,1,4,1,5,7,6,5,5,6,4,6,6,7,5,6,4,4,5,6,5,7,6,6,6,5,4,6,4,6,6,6,6,6,7,7,4,5,7,4,5,4,7,7,10,9,9,5,7,22.6666666666667,0,0.25,0.333333333333333,2,2,3,4,4,0.142857142857143,8,7,10,5,9,8,2,8,26.6666666666667,0,0.5,3,4,5,5,5,0.333333333333333,7,6,5,7,8,4,8,2,15,0,0.5,3,2,5,5,5,0.5,9,5,8,7,3,7,7,2,8,0,0.75,3,2,4,3,3,0.25,6,3,9,5,9,9,6,9.16666666666667,0,0.75,3,4,3,4,4,7,4,9,8,4,9,7,0.75,3.33333333333333,3,2,3,4,4,6,8,10,9,10,9,8,9,0.25,105,0,3,3,4,4,4
"153",1,21,877737.6,0.5,1,0,3,0,0.5,0.5,1,3,0,5,6,5,5,4,5,5,6,6,6,6,6,7,7,7,6,3,5,3,5,5,4,4,5,4,7,7,7,2,7,6,4,4,6,4,5,5,6,3,7,8,7,7,4,5,45.3333333333333,0,0.25,0.666666666666667,2,4,3,4,4,0,4,7,9,7,8,9,3,8,8.33333333333333,1,0.25,2,4,4,4,4,0.222222222222222,3,8,8,7,8,8,8,2,15,0,0.25,2,4,4,4,4,0.5,7,8,8,8,8,8,8,2,20,1,0.25,3,3,4,4,4,0.5,8,8,8,8,8,8,8,3.66666666666667,0,0.25,3,4,3,3,3,7,7,7,7,7,7,7,1,4.16666666666667,1,3,3,3,3,8,8,8,8,8,8,8,8,0.25,70,0,3,3,3,3,3
"154",1,22,877737.6,0.75,1,0.5,3,0,1,1,0.5,5,0,4,7,4,4,2,5,4,5,6,7,5,6,5,4,2,7,7,6,7,5,4,4,3,5,4,4,4,6,4,3,5,4,4,4,5,5,5,6,6,10,10,6,7,5,5,85,0,0.25,0.333333333333333,1,5,3,5,4,0.142857142857143,9,10,10,6,7,9,2,10,24,1,0.25,2,3,5,4,4,0.222222222222222,9,9,7,7,9,6,6,4,24,0,0.25,2,4,5,4,4,0.166666666666667,9,5,5,5,5,7,7,2,2.66666666666667,1,0.75,3,1,3,3,3,0.25,2,0,5,2,5,4,5,15.6666666666667,0,1,1,5,3,4,3,7,0,7,7,5,7,7,1,13.3333333333333,1,1,3,3,3,7,7,10,7,7,7,6,7,0.25,156.25,0,1,3,3,4,4
"155",1,21,354.730635,0.5,1,0,5,3,0.5,0.5,1,4,0,2,7,3,1,2,2,6,7,5,6,6,7,5,3,3,7,7,2,7,6,5,6,2,6,3,1,1,2,2,5,2,1,1,1,2,6,2,7,NA,NA,NA,NA,NA,NA,NA,11.3333333333333,0,NA,NA,1,5,3,4,4,0.285714285714286,10,6,8,6,5,8,4,0,200,0,0,2,5,5,5,4,0.333333333333333,8,3,9,10,9,8,10,5,60,0,1,1,4,5,4,5,0.333333333333333,10,7,10,3,1,4,10,4,8,1,1,2,4,5,4,4,0.5,10,0,1,8,8,2,8,13.3333333333333,0,1,1,4,1,5,5,10,0,3,8,0,8,2,1,26,1,4,5,5,5,8,7,10,10,8,10,10,9,0.25,125,0,1,2,3,2,4
"156",1,24,877737.6,0.75,1,0.5,1,0,1,1,1,5,0,5,6,6,4,5,4,6,7,5,7,5,7,3,5,7,7,7,7,7,5,4,5,4,3,4,5,5,5,6,6,6,2,2,3,5,5,5,5,7,0,10,5,2,7,7,113.333333333333,0,0.75,0.333333333333333,2,5,5,5,4,0,10,2,10,10,3,10,1,7,11.3333333333333,0,0.75,2,5,5,4,3,0,10,2,10,7,3,10,9,1,15,0,0.75,5,5,5,4,4,0,10,0,10,9,1,9,9,1,2.66666666666667,0,0.75,2,2,5,4,4,0.25,10,0,9,8,0,9,3,3.33333333333333,0,0.75,1,4,4,5,4,10,0,9,10,0,10,1,0.75,50,1,4,5,5,5,9,9,10,10,5,10,10,10,0.25,70,1,1,3,4,5,5
"157",1,28,877737.6,1,0,1,1,0,1,0.5,1,4,0,5,7,5,3,5,3,7,7,7,7,6,7,5,5,7,7,7,7,7,3,7,1,1,7,1,1,2,1,7,5,7,4,4,4,4,7,7,7,8,5,10,0,8,8,2,28.3333333333333,0,1,0.666666666666667,1,5,5,5,5,0.142857142857143,7,0,10,7,3,8,1,7,26.6666666666667,0,1,1,5,5,5,5,0.111111111111111,8,3,8,8,8,8,8,4,2,0,1,1,3,5,5,5,0.166666666666667,10,0,10,0,0,10,10,1,20,1,1,1,1,5,5,5,0.25,10,0,3,8,0,0,10,10,0,1,1,5,2,5,5,NA,NA,NA,NA,NA,NA,NA,NA,0,1,2,4,4,4,2,2,10,10,2,9,9,9,1,30,0,1,5,4,5,5
"158",1,25,877737.6,0.75,1,0.5,2,0,1,1,1,3,0,4,5,5,5,4,5,6,6,6,6,4,6,3,3,4,5,2,2,5,5,5,2,3,5,4,4,4,5,5,5,5,3,4,2,2,3,4,3,4,8,8,8,6,7,8,21.25,0,0.75,1,1,5,4,4,4,0.142857142857143,8,8,8,9,8,8,2,9,20,0,0.75,1,5,5,2,2,0.333333333333333,6,8,8,8,9,9,9,2,60,1,0.25,1,5,5,5,5,0.166666666666667,7,7,7,8,8,8,8,2,8,1,0.75,1,5,5,4,4,0,7,7,7,10,8,8,8,8.75,0,0.75,1,5,4,4,4,7,5,7,8,7,9,6,1,18.3333333333333,1,4,4,4,4,8,10,10,10,10,10,10,10,0.25,42,0,1,4,4,4,4
"159",1,24,877737.6,1,1,1,2,0,1,1,1,3,0,4,7,6,3,3,2,6,7,6,6,5,6,2,2,6,5,4,2,3,5,5,4,1,7,2,2,2,4,2,5,7,3,3,3,2,2,6,7,2,2,10,6,2,2,8,24,0,0.25,0,1,1,4,4,4,0.428571428571429,6,6,10,8,6,7,4,8,70.8333333333333,0,0.25,1,5,4,4,4,0.444444444444444,2,2,8,5,5,6,8,2,60,0,0.25,1,5,4,4,4,0.5,7,2,9,6,6,3,7,1,8,0,0.25,1,4,5,4,4,0.5,2,2,3,2,2,2,2,15.3333333333333,0,1,1,4,2,4,4,2,2,3,4,2,7,2,1,0.611111111111111,1,2,3,3,3,3,3,10,9,0,4,5,5,0.25,95,0,1,3,2,5,5
"160",1,23,877737.6,0.75,1,0,4,0,1,1,1,3,0,3,7,5,3,4,5,2,7,6,7,5,5,4,4,6,7,6,3,6,7,5,4,3,5,5,5,5,6,4,5,6,6,4,4,5,2,6,4,6,7,10,2,8,3,7,35.4166666666667,0,0.25,0,3,5,3,4,4,0.142857142857143,7,4,10,7,5,8,5,4,200,1,0.75,2,5,4,4,4,0.333333333333333,4,3,8,8,10,3,7,3,60,0,0.75,2,4,4,5,5,0.333333333333333,6,2,8,7,2,2,7,2,80,1,0.75,3,2,4,4,4,0.25,4,2,2,6,2,6,3,36.6666666666667,0,0.75,2,5,3,4,4,6,2,4,7,2,6,4,1,4.16666666666667,2,3,3,3,3,5,7,10,8,9,6,7,7,1,175,0,1,3,3,4,4
"161",1,22,354.730635,0.75,1,0,3,0,0.5,1,1,4,0,4,6,6,6,3,3,7,7,7,7,3,7,2,4,4,7,6,5,5,7,6,6,4,5,4,5,5,4,3,5,5,3,3,2,5,4,4,4,6,7,8,8,8,8,6,11.3333333333333,0,0.25,0.666666666666667,2,4,3,4,4,0,6,7,8,9,8,8,4,6,120,0,0.25,2,5,5,4,3,0.222222222222222,6,6,8,9,8,7,7,5,144,0,0.25,2,5,5,4,4,0,8,8,9,8,8,8,8,5,144,1,0.25,3,2,5,3,3,0.25,8,8,7,8,8,9,8,14.6666666666667,0,1,2,4,3,3,3,8,8,7,8,7,7,7,1,30,4,3,4,4,3,7,9,10,10,9,9,9,8,0.25,140,0,3,3,4,3,3
"162",1,24,877737.6,0.75,1,0,3,0,1,1,1,4,0,4,5,5,4,4,4,4,6,5,6,5,5,4,4,3,5,4,2,5,5,5,4,3,6,4,5,5,5,4,5,6,4,4,4,3,5,6,3,NA,NA,NA,NA,NA,NA,NA,21.25,0,NA,NA,2,4,4,4,4,0.142857142857143,6,4,8,5,5,8,2,7,33.3333333333333,0,1,1,4,5,4,4,0.444444444444444,6,5,5,7,5,7,7,3,15,0,1,1,2,4,5,5,0.166666666666667,5,5,7,6,7,6,7,2,2.66666666666667,0,1,3,2,4,4,4,0.25,6,0,5,8,3,3,6,39.6666666666667,0,1,1,5,1,4,4,7,0,5,8,0,6,7,1,3.33333333333333,1,3,3,4,4,5,8,10,10,10,9,10,7,0.25,216.666666666667,0,3,3,2,5,5
"163",0,21,877737.6,0.5,1,0,2,0,1,0,1,1,0,4,7,6,5,4,1,7,7,7,4,4,7,4,5,7,1,3,7,1,7,7,4,4,7,1,3,2,1,6,5,7,4,4,4,4,1,1,7,4,0,10,0,0,0,2,204,0,0.25,1,1,5,2,4,4,0,5,0,10,0,0,0,3,6,26.6666666666667,1,0.25,4,3,5,3,3,0.333333333333333,8,0,10,0,0,0,6,3,15,0,0.25,1,1,4,3,4,0.166666666666667,7,0,10,4,0,0,8,1,2.66666666666667,0,0.25,5,1,4,4,4,0.25,8,0,10,7,0,0,0,36.6666666666667,0,0.25,1,3,2,4,4,10,0,10,10,0,0,0,1,10.8333333333333,1,1,1,5,5,10,0,10,8,0,0,0,0,0.75,150,0,1,2,3,3,4
"164",1,22,877737.6,0.75,1,0,4,1,1,1,1,3,0,4,6,6,3,4,6,1,7,5,6,5,6,1,6,3,7,7,5,7,7,7,7,1,7,4,6,6,4,2,7,5,4,6,4,3,3,6,6,NA,NA,NA,NA,NA,NA,NA,0,0,NA,NA,1,5,3,4,4,0,7,7,10,6,3,7,4,8,56.6666666666667,1,1,1,5,5,5,5,0.111111111111111,10,5,10,10,8,7,10,7,144,1,1,1,5,5,5,5,0.333333333333333,8,5,10,6,6,7,6,4,240,1,1,1,5,5,5,5,0.25,8,4,8,5,5,5,3,39.5833333333333,1,1,1,5,2,5,5,9,5,9,5,5,9,5,1,50,1,5,5,5,5,8,8,8,8,8,8,8,8,0.25,10,1,1,5,3,5,5
"165",1,24,877737.6,1,0,0.5,2,0,1,1,1,4,0,3,6,5,5,5,5,6,6,5,7,5,7,6,5,5,5,3,5,5,5,3,3,2,5,5,6,7,3,6,6,7,5,6,6,5,2,5,6,5,8,9,3,6,7,9,141.666666666667,0,0.25,1,1,4,4,5,4,0.142857142857143,6,8,10,6,7,8,2,8,20,0,0.25,3,2,5,5,4,0.333333333333333,4,7,10,8,7,9,5,4,60,0,0.25,2,4,4,5,5,0.333333333333333,7,2,9,6,2,6,7,2,2.66666666666667,1,0.5,4,1,4,4,4,0.25,4,2,8,7,2,6,7,38.8888888888889,0,1,1,5,4,5,5,6,2,8,10,1,6,7,1,15,1,3,5,5,5,4,7,10,9,7,9,8,7,0.5,216.666666666667,0,1,3,4,5,5
"166",1,28,877737.6,1,1,0,2,0,1,1,1,3,0,2,6,5,4,4,5,3,6,7,6,4,7,6,2,4,3,2,6,5,5,5,3,5,7,5,3,3,5,4,5,6,5,4,6,5,5,4,7,8,7,8,10,8,9,9,21.25,0,0.5,0.555555555555556,2,4,5,5,4,0.285714285714286,8,7,10,10,8,10,2,10,70.8333333333333,1,0.5,1,5,5,5,5,0.333333333333333,7,7,9,9,10,9,10,3,15,1,0.25,3,4,4,5,5,0.333333333333333,9,7,10,7,9,9,9,1,32,1,0.75,1,3,5,4,4,0.25,9,6,0,7,9,8,9,9.58333333333333,0,0.5,1,4,3,4,4,8,6,4,8,2,5,5,0.5,30,1,2,4,5,4,7,7,10,10,9,10,10,6,0.5,112.5,1,2,2,3,5,4
"167",0,22,877737.6,0.5,0,0.5,6,1,0.5,0.5,1,3,0,3,6,4,4,5,5,5,5,6,5,4,5,4,5,4,5,2,3,4,6,5,3,4,6,4,5,5,6,3,6,5,4,4,4,4,3,4,6,6,8,8,2,3,2,2,85,1,0.25,0.333333333333333,3,4,4,4,4,0.428571428571429,7,8,8,4,3,3,3,3,153,1,0.25,2,4,4,5,5,0.333333333333333,7,8,8,5,7,6,4,5,144,1,0.25,3,4,4,4,5,0.5,7,8,8,4,4,3,3,3,32,1,0.25,3,3,4,4,4,0.25,7,8,1,1,1,1,1,38.3333333333333,0,0.5,2,4,3,4,4,7,8,5,7,3,2,2,0.5,5.6,1,1,3,4,4,6,8,9,7,7,7,4,3,0.5,175,1,4,3,3,4,4
"168",1,29,40611.441989,1,0,1,3,0,0.5,0.5,1,3,0,1,6,4,3,3,3,3,5,5,5,6,6,3,4,6,2,2,5,3,5,5,3,2,3,2,3,3,5,5,6,6,5,5,5,2,2,3,7,1,1,7,2,0,0,6,30,0,1,0.666666666666667,2,5,4,4,4,0,7,1,6,2,0,0,4,6,300,0,1,1,5,5,4,4,0.111111111111111,1,1,1,1,1,6,6,1,15,1,1,3,2,4,4,5,0.166666666666667,8,1,1,1,1,1,6,1,8,1,1,5,1,5,5,4,0.25,0,0,0,8,0,6,7,33.3333333333333,0,1,1,5,4,5,5,1,1,1,8,0,0,10,1,3.33333333333333,1,2,4,5,5,1,7,8,10,8,8,7,3,0.5,175,0,1,1,4,5,5
"169",1,25,877737.6,1,0,0.5,5,0,1,1,1,4,0,4,3,6,6,5,5,5,5,6,6,6,6,3,5,3,7,7,6,7,5,5,4,3,6,4,5,5,4,3,5,6,5,5,5,5,5,6,5,4,5,9,6,9,5,5,7.08333333333333,0,0.25,0.333333333333333,1,5,3,5,5,0.142857142857143,6,6,10,9,6,6,2,7,36,0,1,2,5,5,5,5,0.555555555555556,4,5,8,6,9,7,7,5,6,0,1,3,5,4,5,5,0.333333333333333,8,7,8,8,4,7,8,4,2.66666666666667,1,1,4,4,4,4,4,0.5,6,3,8,8,6,7,5,15.6666666666667,0,1,1,5,3,4,4,8,2,8,8,2,4,1,1,1.33333333333333,1,1,4,4,4,7,6,10,10,8,9,8,6,1,102.5,1,2,4,4,5,5
"170",1,26,40611.441989,0.75,1,0.5,9,4,0.5,0.5,1,3,0,3,7,5,4,5,5,6,6,5,6,4,6,5,5,3,7,3,3,5,6,4,3,6,7,3,4,3,6,2,6,6,4,5,5,3,2,6,2,5,7,10,6,8,2,7,153,0,1,0.666666666666667,1,5,3,5,4,0.285714285714286,8,6,10,7,7,7,4,9,48,1,1,2,5,5,4,4,0.222222222222222,7,7,10,8,9,7,9,4,60,0,1,2,3,3,5,4,0.333333333333333,7,7,9,5,5,7,8,5,32,1,1,4,2,4,4,3,0.25,8,2,8,6,7,5,9,15.6666666666667,0,1,3,5,3,4,4,8,2,8,9,6,7,7,1,5.77777777777778,2,1,4,4,4,7,8,10,8,10,8,7,5,0.25,175,0,4,2,3,5,4
"171",0,22,877737.6,0.75,1,0.5,5,0,0,0,1,3,0,5,7,1,1,6,4,5,6,6,6,4,6,1,1,5,4,4,5,5,4,6,4,1,7,2,1,1,7,1,5,7,1,1,1,5,4,4,7,7,0,8,0,0,0,9,60,0,0.75,0.666666666666667,2,5,3,5,5,0.428571428571429,0,0,9,0,0,7,1,6,28.3333333333333,1,0.25,4,3,5,5,5,0.444444444444444,7,0,9,7,0,9,4,3,24,0,0.25,2,2,5,5,5,0.5,0,0,8,5,0,9,10,4,20,1,0.75,4,1,5,5,5,0.25,6,0,0,0,0,0,0,10.2777777777778,0,0.75,1,5,3,5,5,6,0,0,10,0,0,8,1,5.52380952380952,1,1,3,5,5,7,0,9,9,0,9,0,0,0.25,106.666666666667,0.5,1,1,4,5,5
"172",0,22,877737.6,0.5,1,0.5,1,0,1,1,1,3,0,3,7,6,4,4,6,5,7,6,6,4,6,6,6,6,7,7,5,6,5,3,2,5,6,6,6,6,6,5,6,6,6,3,6,4,5,5,5,8,6,5,3,2,2,9,113.333333333333,0,0.75,0,1,5,5,4,4,0.285714285714286,7,7,8,8,6,4,2,5,170,0,0.75,2,4,4,4,3,0.555555555555556,7,7,7,6,3,8,8,4,144,0,0.75,1,3,4,4,4,0.333333333333333,8,4,6,7,4,7,8,4,2.66666666666667,1,0.75,1,2,4,2,2,0.25,7,2,0,3,4,3,7,41.6666666666667,0,0.75,1,4,2,3,3,8,2,1,6,5,8,3,0.75,27,1,3,2,4,3,5,8,8,8,10,9,4,5,0.25,237.5,0,4,2,2,4,5
"173",0,22,877737.6,0.5,1,0,4,2,0.5,0.5,1,3,0,2,6,4,2,2,4,2,6,4,5,6,6,4,4,5,4,3,5,5,3,3,3,3,4,4,5,5,5,6,6,5,4,4,4,3,3,3,4,6,3,6,2,2,3,4,204,0,0.75,0.666666666666667,1,4,3,5,5,0.428571428571429,NA,NA,NA,NA,NA,NA,NA,NA,0,0,NA,3,5,5,3,3,0.333333333333333,7,4,8,8,6,8,7,4,60,0,0.75,1,5,5,5,5,0.166666666666667,7,4,7,8,5,7,7,1,20,0,0.75,3,3,4,4,4,0.25,9,3,3,2,9,6,9,16.1666666666667,0,0.75,5,4,3,4,5,8,2,2,8,2,4,8,0.75,1.16666666666667,1,1,2,5,5,5,3,10,8,2,9,5,5,0.75,550,0,5,3,3,4,4
"174",0,25,40611.441989,1,0,1,4,0,0.5,0.5,1,2,0,4,6,6,6,2,6,6,6,6,5,5,5,4,4,5,5,3,3,3,6,6,4,5,5,6,6,6,6,4,3,4,5,5,5,3,4,5,4,5,5,5,3,6,6,6,24,0,0.25,0.333333333333333,3,4,4,4,4,0.142857142857143,5,5,6,5,6,6,4,4,1.41666666666667,0,0.25,2,2,3,3,3,0.111111111111111,NA,NA,NA,NA,NA,NA,NA,NA,0,0,NA,2,4,3,4,4,0.166666666666667,4,5,5,5,6,5,5,4,2.66666666666667,0,0.25,3,3,3,3,4,0.25,5,7,7,7,6,6,5,1.11111111111111,0,0.5,2,3,3,3,2,6,6,6,6,5,5,6,0.5,0.388888888888889,3,2,2,2,3,5,5,7,7,6,5,5,6,0.5,0.4,1,3,2,3,3,3
"176",0,22,877737.6,0.5,1,0,4,2,0.5,0.5,1,3,0,1,7,3,4,4,1,1,5,4,6,3,4,1,4,1,2,1,6,1,2,3,5,3,5,1,1,1,5,6,5,7,1,1,1,5,1,5,5,7,8,10,4,2,1,8,255,0,0,0.333333333333333,1,5,5,5,5,0.571428571428571,8,3,8,2,2,8,3,8,100,0,0.75,1,5,5,5,5,0.333333333333333,8,4,8,5,2,8,8,4,15,1,0.75,1,5,5,5,5,0.166666666666667,8,4,8,3,2,8,8,5,2.66666666666667,1,0.75,1,5,5,5,5,0.25,8,3,8,6,2,7,6,9.16666666666667,0,0.75,1,5,5,5,5,8,3,8,8,3,1,6,0.75,4.44444444444444,2,5,5,5,5,8,3,8,7,3,7,2,1,0.75,325,0,4,5,5,5,5
"177",1,24,191847.878788,0.75,1,0,2,0,1,0.5,1,5,0,4,7,4,4,5,6,5,5,5,7,5,5,4,7,2,7,6,2,7,5,5,3,2,4,3,4,5,7,7,5,7,6,2,6,4,3,5,2,0,7,7,8,10,9,10,30,0,0.25,0,1,5,3,5,5,0.285714285714286,0,3,10,0,10,7,1,6,8.33333333333333,0,1,3,4,4,4,5,0.222222222222222,0,5,4,5,10,5,5,3,15,0,1,2,5,5,5,5,0.666666666666667,0,0,10,5,5,5,5,6,2.66666666666667,0,1,3,3,4,5,5,0.25,0,0,4,10,8,8,10,72,0,1,1,4,2,5,5,0,0,5,10,5,0,10,1,5.33333333333333,1,2,4,5,4,0,8,8,8,10,5,2,2,0.25,625,1,1,2,4,5,5
"179",1,26,877737.6,1,0,0,2,0,1,1,1,3,0,5,5,5,3,5,2,5,6,6,5,3,5,4,4,4,5,3,5,6,6,5,3,4,5,4,3,4,5,3,7,7,4,4,4,5,2,6,2,2,1,10,1,1,8,6,22.6666666666667,0,0.75,0.5,1,5,3,5,5,0,9,8,10,9,2,10,3,9,48,0,0.25,2,5,5,4,3,0.333333333333333,5,1,10,5,8,8,8,4,2,0,0.25,3,2,4,5,5,0.166666666666667,8,8,10,7,3,10,10,1,8,0,0.75,3,3,4,4,3,0.25,3,0,5,10,0,5,9,15.5555555555556,0,0.75,1,5,2,4,3,4,0,7,10,0,3,8,0.75,1.33333333333333,1,2,3,4,4,3,9,10,10,2,8,8,6,0.25,47.5,0,4,2,2,5,5
"181",0,21,877737.6,0.5,1,0,5,1,0.5,0.5,0.5,4,0,3,6,5,3,2,4,1,7,6,6,6,6,3,4,3,7,6,6,5,6,6,6,2,5,2,2,2,5,1,6,7,2,4,5,4,4,5,5,5,5,9,5,4,5,8,28.3333333333333,0,1,0.666666666666667,4,3,2,4,4,0,6,5,10,9,2,7,4,6,136,0,0.75,1,5,5,5,4,0.444444444444444,8,6,10,8,8,6,7,4,60,1,0.75,2,5,4,5,3,0.5,9,3,4,2,0,4,7,3,32,1,0.75,4,3,4,4,4,0.25,7,0,0,6,4,3,6,36.6666666666667,0,0.5,1,2,1,3,3,7,0,0,7,0,5,4,1,0.333333333333333,1,1,1,3,3,7,9,10,7,7,7,8,8,0.75,525,0,1,2,1,4,2
"182",1,23,354.730635,0.75,1,0,4,0,0.5,0.5,1,3,0,3,7,5,3,5,4,3,6,6,6,6,6,2,3,6,7,7,7,6,6,5,5,1,7,1,2,1,5,5,4,5,5,5,3,3,3,4,5,NA,NA,NA,NA,NA,NA,NA,12,0,NA,NA,4,5,2,4,4,0,8,5,10,7,5,7,4,7,113.333333333333,0,0.75,1,5,5,5,5,0.111111111111111,9,6,10,10,6,9,9,4,24,0,0.75,1,4,5,5,5,0.333333333333333,8,6,10,6,6,5,9,2,8,1,0.75,1,2,3,2,2,0.25,9,3,6,10,3,8,6,16.3333333333333,0,0.75,1,5,1,4,2,9,1,8,10,1,4,7,0.75,5.33333333333333,1,4,2,4,4,8,8,10,10,8,9,9,5,0.5,3.13333333333333,1,1,2,2,5,5
"183",0,24,877737.6,0.5,0,1,1,0,1,1,1,3,0,3,6,3,4,6,6,5,5,6,4,7,5,1,4,7,5,4,7,6,6,4,4,1,7,3,6,5,5,4,5,3,4,3,7,1,1,4,7,0,0,8,1,10,5,7,14.1666666666667,0,1,0.333333333333333,1,4,3,3,3,0,5,4,8,6,3,6,1,7,26.6666666666667,1,0.75,1,5,3,3,3,0.333333333333333,8,4,7,8,6,6,6,4,15,1,0,1,2,4,5,5,0.333333333333333,6,0,6,3,0,5,5,3,2.66666666666667,1,0.75,4,2,4,4,4,0.25,0,0,0,7,6,2,3,36.6666666666667,0,0.75,1,5,3,4,4,8,3,3,8,5,0,8,0.75,5.77777777777778,1,2,5,4,4,5,4,10,10,5,10,10,4,0.75,140,1,5,3,3,4,4
"185",0,25,877737.6,1,0,1,4,0,0.5,0.5,1,4,0,2,7,5,5,3,6,6,5,7,5,5,5,3,5,4,7,4,3,4,5,5,7,4,7,4,5,3,6,6,5,6,7,5,4,6,4,6,5,5,8,8,9,9,7,7,141.666666666667,0,0.25,1,1,5,5,5,5,0.285714285714286,7,9,9,5,7,8,3,9,10.6666666666667,0,0.25,1,5,5,5,5,0.222222222222222,6,6,8,6,10,8,9,4,60,0,0.25,2,5,5,5,5,0.333333333333333,7,7,8,8,7,5,8,5,2.66666666666667,0,0.25,2,4,5,4,4,0.25,8,3,5,7,2,6,5,33.3333333333333,0,0.75,5,5,5,5,5,9,8,8,8,3,6,5,0.5,4.44444444444444,4,2,5,5,5,6,6,10,8,5,8,7,7,0.5,84,1,2,3,4,5,4
"186",0,21,877737.6,0.5,1,0,5,3,0.5,0.5,0.5,3,0,1,7,6,3,3,5,6,3,3,3,5,5,2,5,6,6,2,7,3,5,5,1,1,7,6,3,5,6,2,7,6,6,3,2,1,1,6,3,7,8,8,9,6,6,7,48,0,0.75,1,4,4,3,3,5,0.142857142857143,7,7,8,8,7,7,3,10,13.3333333333333,0,0.75,2,3,4,4,4,0.333333333333333,7,6,8,8,7,10,10,3,15,1,0.75,3,5,5,5,5,0.333333333333333,NA,NA,NA,NA,NA,NA,NA,NA,2.66666666666667,0,NA,4,2,3,3,3,0.25,8,0,0,10,0,8,5,8.33333333333333,0,0.75,2,5,3,4,4,8,6,0,10,0,0,10,0.75,10,1,2,3,5,5,7,9,10,10,0,10,8,0,0.25,356.25,0,1,4,3,4,4
"187",1,25,191847.878788,0.75,1,0.5,2,0,0.5,0.5,1,4,0,6,7,6,5,6,4,7,5,7,4,4,7,4,4,2,7,7,5,7,7,7,1,2,6,4,4,4,6,5,5,7,4,4,4,6,4,6,2,2,0,10,0,0,0,6,56.6666666666667,0,0.25,0,1,5,3,4,4,0.142857142857143,7,7,10,3,6,9,4,8,56.6666666666667,0,0.25,2,4,4,3,3,0.222222222222222,5,7,8,6,9,5,7,4,24,0,0.25,3,4,4,4,4,0.166666666666667,7,3,7,6,7,9,7,2,32,0,0.25,3,4,4,4,4,0.25,7,7,7,2,1,1,1,14.6666666666667,0,1,2,4,2,4,4,7,6,8,7,1,8,1,1,5.33333333333333,2,2,4,4,4,3,9,10,7,10,6,9,8,0.25,70,0,1,2,3,4,4
"188",0,21,877737.6,0.5,1,0,2,0,0.5,0.5,1,4,0,2,6,3,3,3,2,2,6,4,7,6,6,1,2,6,7,7,3,6,4,3,7,1,7,4,2,2,5,6,2,1,4,4,4,4,2,1,7,2,8,9,3,8,1,8,141.666666666667,0,0.25,0.333333333333333,1,5,5,5,5,0,2,9,10,7,3,2,2,2,56.6666666666667,0,0.75,1,5,5,5,5,0.222222222222222,2,8,9,7,7,8,7,2,15,0,0.75,1,4,5,5,5,0,6,9,10,7,6,8,9,1,32,0,0.75,1,2,5,5,5,0,7,3,3,7,1,1,10,36.6666666666667,0,1,1,5,5,5,5,10,1,0,10,0,7,10,1,30,1,2,5,5,5,2,9,10,10,0,8,6,4,0.75,87.5,1,3,3,3,5,5
"189",0,21,877737.6,0.5,1,0.5,3,1,0,0,1,3,0,2,6,4,5,3,7,6,7,5,6,5,5,1,2,5,5,3,7,6,7,6,5,3,6,6,2,2,6,1,5,7,4,4,4,6,1,4,7,5,9,9,2,8,5,5,85,0,0.25,0.333333333333333,4,3,3,5,4,0.142857142857143,NA,NA,NA,NA,NA,NA,NA,NA,36,0,NA,2,4,3,5,5,0.444444444444444,NA,NA,NA,NA,NA,NA,NA,NA,450,0,NA,3,2,4,5,5,0.166666666666667,NA,NA,NA,NA,NA,NA,NA,NA,20,0,NA,4,2,4,5,4,0.25,NA,NA,NA,NA,NA,NA,NA,0,0,NA,1,4,2,4,4,NA,NA,NA,NA,NA,NA,NA,NA,3.33333333333333,1,1,1,5,1,NA,NA,NA,NA,NA,NA,NA,NA,NA,0,NA,2,1,3,4,3
"190",0,22,877737.6,0.75,1,0,3,0,1,1,1,3,1,2,5,4,5,6,6,6,6,6,6,6,5,6,4,4,5,5,3,5,6,4,2,4,6,3,4,4,5,2,6,5,5,3,4,3,4,4,5,5,3,8,5,5,7,7,204,0,0,0,1,5,4,4,4,0.428571428571429,6,5,7,6,4,6,1,7,425,0,1,1,5,5,5,5,0.444444444444444,9,8,8,7,5,7,6,4,144,0,0.25,2,4,4,4,4,0.333333333333333,8,5,8,8,5,7,8,1,192,1,1,3,2,4,4,4,0.25,5,5,3,5,6,5,6,33.3333333333333,0,1,2,4,3,5,5,5,5,4,6,5,5,7,1,50,2,2,4,4,4,6,6,9,8,5,8,8,5,0.5,625,0,2,3,3,5,5
"191",0,23,877737.6,0.5,0,1,4,0,1,1,1,4,0,1,7,7,5,1,7,3,7,7,7,5,6,2,5,2,7,6,3,7,7,7,4,3,7,5,7,7,7,3,7,2,4,6,5,5,5,7,7,5,8,8,4,8,8,10,35.4166666666667,0,0.5,0,2,4,4,5,4,0,7,8,9,9,8,9,4,8,153,0,0.5,3,5,5,5,5,0.222222222222222,8,8,8,10,10,10,10,5,180,1,0.5,1,4,5,5,5,0.166666666666667,6,8,9,8,8,8,8,5,32,1,0.5,2,4,5,5,5,0.25,6,8,6,8,7,7,7,9.86111111111111,0,1,1,5,3,5,5,5,6,7,7,7,8,8,0.5,32,1,3,3,5,5,7,7,10,10,10,10,10,8,0.25,35,0,4,2,3,5,5
"192",0,20,354.730635,0.5,1,0,5,0,1,0.5,1,3,0,1,5,4,4,2,5,2,5,3,6,5,6,3,3,5,5,5,5,5,5,5,3,2,6,4,2,2,6,3,5,5,4,4,4,2,3,5,5,5,5,8,6,3,7,7,90,0,1,1,2,4,3,4,4,0.285714285714286,NA,NA,NA,NA,NA,NA,NA,NA,5.66666666666667,0,NA,3,5,4,4,4,0.444444444444444,NA,NA,NA,NA,NA,NA,NA,NA,15,0,NA,2,4,5,4,4,0.5,NA,NA,NA,NA,NA,NA,NA,NA,20,0,NA,3,2,5,4,4,0.25,NA,NA,NA,NA,NA,NA,NA,16,0,NA,1,5,3,5,5,NA,NA,NA,NA,NA,NA,NA,NA,1.44444444444444,1,2,2,4,4,7,5,9,9,5,7,1,1,0.5,105,1,1,4,2,4,4
"193",0,21,877737.6,0.5,0,1,2,0,0.5,1,0,3,0,4,7,5,3,3,4,7,6,7,6,4,5,5,7,2,7,4,7,7,4,4,4,4,7,4,7,7,7,6,7,5,4,4,4,1,5,7,3,2,0,3,0,0,2,8,48,0,0.25,0.666666666666667,4,5,3,4,4,0.428571428571429,10,0,7,5,0,7,1,5,3.33333333333333,0,0.5,1,5,3,5,5,0.666666666666667,NA,NA,NA,NA,NA,NA,NA,NA,0,0,NA,1,3,4,3,3,0.166666666666667,NA,NA,NA,NA,NA,NA,NA,NA,2.66666666666667,0,NA,3,1,3,3,3,0.25,10,0,0,6,0,8,2,74,0,0.75,1,5,3,3,3,NA,NA,NA,NA,NA,NA,NA,NA,0,1,3,3,3,3,10,0,8,8,0,8,0,0,0.75,24,0,1,4,1,4,4
"194",0,19,877737.6,0.5,1,0,4,2,1,0.5,1,3,0,4,5,6,5,1,1,3,6,4,5,5,5,3,4,4,7,6,5,5,5,5,3,3,6,2,3,4,5,3,6,7,4,5,4,3,5,5,5,5,4,8,5,5,9,7,34,0,0.75,1,2,4,3,5,5,0.571428571428571,6,6,8,6,3,9,4,9,120,0,0.75,1,5,5,5,5,0.222222222222222,7,5,7,8,5,6,10,2,60,0,0.75,2,3,4,5,5,0.666666666666667,4,5,8,6,4,7,5,3,32,0,0.75,3,2,5,3,3,0.5,8,4,4,7,2,3,5,16,0,0.75,3,4,4,5,5,7,0,3,10,5,5,10,0.75,13.3333333333333,1,3,4,5,5,6,8,10,9,10,10,7,5,0.75,421.875,0,5,5,4,5,5
"195",0,21,877737.6,0.5,1,0,3,1,1,0.5,1,3,0,1,7,5,7,3,1,1,7,5,7,7,5,1,1,1,5,1,1,1,5,1,2,1,7,1,1,1,5,6,4,3,3,4,1,1,1,1,7,7,8,10,0,0,0,0,510,0,0.5,0.5,1,5,3,5,5,0.285714285714286,10,9,10,6,0,7,4,10,8,0,0.5,1,3,4,5,5,0.555555555555556,10,7,10,10,0,10,10,7,24,0,0.5,1,1,5,5,5,0.5,9,5,9,1,0,6,8,4,8,0,0.25,1,1,5,5,5,0.25,10,0,4,10,0,0,2,9.86111111111111,0,0.5,1,5,3,5,5,0,5,2,10,0,0,10,0.5,13.3333333333333,1,1,3,5,5,0,9,10,10,0,10,0,0,0.5,356.25,0,1,5,2,5,5
"196",0,19,191847.878788,0.5,0,0.5,4,1,0.5,0.5,1,3,0,5,7,6,4,6,5,4,6,6,5,6,5,3,5,5,6,5,6,6,6,4,4,1,7,5,5,7,6,3,6,6,3,4,4,4,5,5,5,4,5,7,6,6,7,5,22.5,0,0.25,0.666666666666667,2,5,3,4,4,0.142857142857143,7,6,7,6,4,6,4,5,100,0,0.25,2,5,5,4,4,0.111111111111111,6,6,7,7,6,6,8,3,24,0,0.25,3,4,4,4,4,0.333333333333333,5,6,6,5,5,3,5,1,2.66666666666667,1,0.25,3,3,4,4,4,0.25,5,5,6,7,5,5,6,15.5,0,0.25,2,5,3,4,4,8,3,4,8,5,7,5,1,24,1,2,3,4,4,5,3,5,7,4,7,7,8,0.75,137,0.5,3,4,3,4,4
"197",0,25,877737.6,0.75,1,0,3,0,1,0,1,4,0,4,6,1,3,5,7,6,6,5,5,5,5,4,3,2,5,3,3,5,5,5,2,3,5,7,7,7,5,5,6,5,4,3,6,4,2,4,7,5,8,9,3,9,3,2,68,0,0.5,0.666666666666667,2,4,4,5,5,0.571428571428571,4,9,9,7,10,6,4,8,26.6666666666667,0,0.5,1,4,5,5,5,0.333333333333333,4,9,10,5,10,5,9,3,15,1,0.5,1,2,4,5,5,0.5,4,10,10,4,5,5,6,4,240,0,0.5,1,2,5,5,5,0.25,7,10,10,8,9,7,6,15.1666666666667,0,0.5,3,5,4,4,4,NA,NA,NA,NA,NA,NA,NA,NA,0,3,1,4,3,3,5,10,10,9,10,8,10,5,0.25,437.5,1,1,3,5,5,5
"198",0,23,877737.6,1,0,1,2,0,1,0.5,1,5,1,6,5,6,6,7,6,4,5,5,6,6,7,5,3,4,7,7,4,7,7,6,5,3,5,3,6,6,5,2,4,4,4,4,4,4,5,4,5,NA,NA,NA,NA,NA,NA,NA,0,0,NA,NA,1,4,3,4,4,0,3,9,10,10,9,10,4,9,80,0,0.25,2,5,5,5,5,0.111111111111111,2,10,10,10,10,10,9,2,180,0,0.25,1,5,5,5,5,0.5,2,10,10,8,10,10,8,2,80,0,1,2,4,4,4,4,0.25,1,10,9,8,8,8,8,10.2083333333333,0,0,1,5,3,4,4,0,8,10,10,6,10,8,1,47.5,1,4,4,4,4,1,9,10,10,8,10,10,10,0.25,29,1,1,4,4,5,5
"200",0,22,877737.6,0.75,1,0.5,3,0,0.5,0.5,1,4,0,4,7,5,3,3,3,5,6,6,7,4,6,2,4,4,6,5,6,6,5,4,3,2,6,1,1,1,6,7,6,5,2,3,3,5,2,3,7,7,9,9,8,5,7,5,34,0,0.25,1,3,4,4,5,5,0.428571428571429,8,9,9,5,3,7,5,8,56.6666666666667,0,0.25,1,5,4,5,5,0.444444444444444,8,9,9,8,5,5,7,7,6,0,0.25,2,5,5,5,5,0.166666666666667,7,3,8,7,8,8,9,2,8,1,1,2,1,5,3,3,0.25,6,5,4,8,4,8,9,40,0,1,1,5,3,3,3,9,3,4,9,2,6,9,1,4.8,1,1,2,3,3,8,7,10,9,7,9,9,5,0.25,675,0,1,3,4,5,5
"201",0,24,7121.834049,1,1,0,3,0,1,0.5,1,5,0,1,7,6,7,4,6,7,7,7,7,4,7,4,5,7,7,7,7,7,7,7,7,4,7,4,7,4,7,5,4,2,7,4,7,7,4,6,7,5,8,10,1,10,5,8,425,0,0,0,5,5,5,5,5,0,8,5,10,5,5,10,7,7,113.333333333333,0,0.25,4,5,5,5,5,0.111111111111111,8,10,10,10,10,10,10,7,24,1,0,1,5,5,5,5,0.166666666666667,10,0,10,10,10,10,5,7,8,0,1,4,2,5,5,5,0.25,5,5,5,5,5,5,5,3.66666666666667,0,0.75,1,5,5,5,5,NA,NA,NA,NA,NA,NA,NA,NA,0,1,1,1,3,3,7,10,10,10,10,10,10,10,0.5,875,0,1,5,5,5,5
"202",0,20,877737.6,0.5,1,0.5,4,4,1,1,1,5,0,2,6,5,5,2,4,6,2,7,3,2,7,2,6,4,7,7,7,7,7,7,7,4,6,2,4,3,2,5,5,4,2,2,2,3,3,5,5,3,3,6,0,6,3,1,34,0,0,0,1,5,3,4,4,0,6,7,6,7,7,7,6,8,40,0,0.75,1,5,4,4,4,0,NA,NA,NA,NA,NA,NA,NA,NA,108,0,NA,5,5,5,4,4,0.333333333333333,5,7,6,6,7,5,7,4,144,0,0.5,3,4,4,4,3,0.25,7,6,7,6,4,4,6,13.3333333333333,1,0.5,2,3,3,3,3,6,5,5,4,6,5,5,1,2.5,3,2,3,3,3,6,6,8,5,7,7,6,6,0.5,50,1,3,4,1,4,4
"203",0,27,877737.6,0.5,0,1,1,0,1,0.5,1,4,1,2,7,4,5,2,6,7,7,7,7,5,6,7,7,6,6,7,5,6,7,5,3,2,6,4,4,4,6,3,7,4,5,4,6,4,4,6,5,3,4,6,5,9,9,3,35.4166666666667,0,0.25,0,2,3,5,5,5,0.428571428571429,5,8,8,10,10,9,3,6,34,1,0.25,1,5,4,5,5,0.333333333333333,3,8,5,10,10,8,8,6,15,0,0.25,1,5,5,5,4,0.166666666666667,5,3,4,2,6,3,4,5,2.66666666666667,0,0.75,3,4,3,3,3,0,4,7,6,6,4,9,3,8.33333333333333,0,1,1,5,2,4,3,2,2,2,2,1,2,2,0.25,0.555555555555556,2,5,3,3,3,4,10,10,10,10,10,8,5,0.5,72,0,2,5,4,5,5
"204",0,21,7121.834049,0.5,1,1,7,5,1,1,1,3,0,4,7,7,7,5,3,7,7,7,7,6,7,2,2,3,3,3,1,1,5,3,3,4,6,7,6,6,6,5,7,7,5,5,3,2,5,5,5,7,2,10,8,5,5,9,28.3333333333333,0,1,0.666666666666667,2,4,3,4,4,0.428571428571429,0,0,10,0,0,10,4,5,850,0,1,1,5,5,5,5,0.444444444444444,6,7,8,8,6,8,3,2,6,0,0.75,4,3,4,4,4,0.333333333333333,3,7,8,8,8,8,5,2,8,1,0.75,4,2,5,5,5,0.5,7,7,7,7,3,7,7,10.2083333333333,1,0.75,1,2,2,4,4,8,3,3,7,3,7,10,0.75,3.75,1,2,3,4,4,7,7,8,7,5,8,8,2,0.75,95,1,1,1,3,4,4
"205",0,24,877737.6,0.5,1,0,4,0,1,0.5,1,3,0,2,7,5,6,4,4,6,7,6,7,5,6,4,5,5,6,4,3,4,6,6,4,5,7,6,7,7,5,2,6,7,7,7,7,6,6,5,5,7,9,10,6,8,10,7,153,0,0.25,0.166666666666667,3,5,4,5,5,0,7,9,10,8,9,10,3,8,113.333333333333,0,0.25,3,5,5,5,5,0.333333333333333,9,7,9,8,10,8,9,7,15,0,0.25,3,5,5,4,4,0.5,8,6,10,9,8,10,10,7,20,0,0.25,3,4,5,4,4,0.25,9,4,7,5,7,10,6,16,0,0.5,3,5,4,3,3,8,4,5,9,5,7,8,0.5,0.444444444444444,3,4,4,4,4,6,9,10,10,5,9,9,9,0.5,137.5,0,3,5,5,5,4
"207",0,23,40611.441989,0.75,1,0.5,2,0,1,1,1,4,0,1,4,1,7,1,4,5,7,5,7,4,7,1,1,1,7,6,3,4,5,5,2,1,7,1,7,7,5,3,5,7,4,4,4,4,6,6,6,0,3,10,2,0,3,0,42.5,0,1,0.333333333333333,1,5,3,5,5,0.428571428571429,3,5,10,6,0,5,4,7,72,0,1,1,5,5,5,5,0.333333333333333,0,0,10,7,0,7,0,4,24,0,1,1,4,5,5,5,0.166666666666667,0,0,10,7,0,7,6,6,80,0,1,1,3,5,5,5,0.25,0,0,10,9,0,8,7,36.6666666666667,0,1,1,5,3,3,5,0,0,10,10,0,3,9,1,18,1,2,3,5,5,0,0,10,10,10,8,8,3,1,175,0,1,2,3,4,4
"208",0,24,877737.6,1,0,1,4,2,0.5,0.5,1,5,0,1,5,5,5,1,4,2,7,5,7,7,7,4,5,5,7,7,7,7,7,7,2,3,7,5,5,3,7,2,5,7,4,4,4,4,4,5,3,1,1,8,6,6,7,6,14.1666666666667,1,1,1,5,4,4,4,4,0,6,6,8,8,8,9,4,9,56.6666666666667,1,1,1,5,5,4,4,0.333333333333333,6,6,6,6,6,6,6,4,2,0,1,1,1,3,4,4,0,6,6,6,8,7,7,8,4,20,0,1,2,2,4,4,4,0,6,6,6,6,6,6,9,40,0,1,1,4,3,3,5,NA,NA,NA,NA,NA,NA,NA,NA,0,1,1,1,1,4,3,7,8,8,8,8,8,8,0.25,26.6666666666667,0,1,2,5,5,5
"209",0,25,877737.6,0.75,1,0,2,0,1,0.5,1,4,0,5,6,4,4,4,6,6,4,5,5,5,5,5,5,5,5,5,5,5,5,5,5,5,5,5,5,5,5,5,5,5,5,5,5,5,5,5,5,6,6,9,8,10,7,7,28.3333333333333,0,0.25,0.333333333333333,2,5,4,5,5,0.428571428571429,10,7,8,0,4,8,2,5,40,0,0.25,3,4,5,5,5,0.444444444444444,8,2,5,8,5,7,7,1,108,0,0.25,1,5,5,5,5,0.333333333333333,10,10,10,10,10,10,10,7,8,1,1,5,2,4,3,4,0.25,6,7,5,6,4,7,7,16,1,1,1,5,3,4,4,9,6,6,6,6,6,6,1,12.5,1,1,4,4,4,4,6,6,6,6,6,6,6,0.25,61.6666666666667,1,5,2,3,5,4
"210",0,23,7121.834049,0.5,1,0.5,5,1,1,1,0.5,4,1,3,6,4,4,2,5,5,6,6,7,7,5,4,4,4,5,7,4,6,5,4,7,3,6,5,5,5,5,6,5,6,6,6,6,3,6,6,6,4,4,7,0,5,6,6,56.6666666666667,0,1,0.833333333333333,1,5,4,5,5,0.285714285714286,6,4,7,0,5,7,4,7,56.6666666666667,1,1,2,3,5,5,5,0.444444444444444,5,3,7,5,5,6,6,5,24,0,1,2,4,5,5,5,0.333333333333333,7,3,6,5,3,6,7,4,2.66666666666667,0,1,2,2,4,5,5,0.25,4,3,0,6,4,5,5,9.375,0,1,1,5,4,5,5,6,3,0,6,3,5,5,1,6.66666666666667,2,3,5,5,5,5,6,8,8,5,5,4,4,0.25,84,0,1,2,4,5,5
"211",0,24,877737.6,0.5,1,0,2,0,1,1,1,3,0,2,6,5,4,5,3,1,6,3,7,4,5,2,5,5,4,3,6,2,4,4,3,1,7,2,3,1,4,2,6,3,5,4,4,2,4,6,6,5,7,8,7,3,3,6,15,0,0.25,0.333333333333333,1,5,3,4,4,0.428571428571429,5,6,8,8,3,6,4,7,127.5,0,0.25,1,5,4,5,5,0.555555555555556,6,6,7,8,7,2,4,3,24,0,0.25,1,5,4,5,5,0.5,5,5,5,3,6,4,4,5,20,0,0.25,1,3,4,4,4,0.5,6,4,7,5,3,3,6,38.3333333333333,0,0.5,1,5,3,4,3,7,5,5,8,2,5,6,0.5,26,3,5,4,4,4,7,4,8,8,6,7,8,7,0.5,328.125,0,2,3,3,5,4
"212",1,20,877737.6,0.5,1,0,1,0,1,1,1,4,0,2,4,6,6,2,7,4,3,6,7,4,6,4,6,3,5,3,6,6,7,6,6,2,3,6,5,5,6,2,5,3,5,3,3,2,2,3,3,3,7,9,8,9,9,6,113.333333333333,0,0.25,0,1,5,3,4,4,0.285714285714286,1,6,9,10,9,9,2,8,300,1,0.25,1,5,4,4,2,0.333333333333333,0,8,9,9,9,8,8,3,60,0,0.25,1,5,4,5,5,0.333333333333333,8,7,9,2,1,7,8,2,2.66666666666667,1,0.5,2,2,4,2,2,0.25,3,2,2,9,6,8,8,37.7777777777778,0,0.5,1,5,3,4,4,8,1,8,8,2,2,6,0.5,2.5,1,1,4,4,4,1,9,10,10,10,9,9,3,0.25,468.75,0,1,2,4,4,4
"213",1,20,40611.441989,0.5,1,0,6,4,1,1,1,2,0,4,4,3,5,6,2,6,7,5,5,3,7,5,5,7,4,1,2,1,3,3,2,2,1,3,2,4,7,5,5,4,6,6,6,2,1,1,5,6,7,7,2,2,0,0,45.3333333333333,0,1,0.666666666666667,2,5,3,4,4,0.428571428571429,2,3,8,1,3,3,3,3,20,0,1,1,1,4,4,4,0.444444444444444,1,4,9,5,4,2,8,6,60,0,1,1,4,5,5,5,0.666666666666667,7,3,9,9,0,0,7,6,8,1,1,1,3,4,4,3,0.5,2,2,5,7,0,1,7,14.6666666666667,0,1,1,5,2,4,4,6,2,3,8,0,0,9,0.75,4.58333333333333,1,2,4,4,3,2,10,10,7,7,0,9,0,1,88.65,1,1,3,3,5,5
"214",0,22,877737.6,0.5,1,0,2,0,1,1,1,3,0,2,5,2,5,4,4,4,5,6,5,4,6,3,2,6,5,2,5,6,7,7,2,4,6,4,4,4,5,5,6,6,4,4,4,3,1,7,7,7,7,10,0,0,3,0,11.3333333333333,0,0.5,0,1,4,3,4,4,0.428571428571429,7,7,10,0,0,5,2,7,2,0,0.5,1,5,5,5,5,0.333333333333333,7,7,10,3,3,0,8,2,15,0,0.5,1,3,5,5,5,0.333333333333333,7,7,10,4,3,3,6,3,2.66666666666667,0,0.75,1,3,5,5,5,0,7,3,3,5,0,3,5,9.16666666666667,0,0.5,1,5,3,5,5,8,0,0,8,0,0,7,0.5,3.33333333333333,1,2,3,5,5,7,7,10,8,8,7,8,0,0.5,31.6666666666667,1,1,4,4,5,5
"215",0,24,877737.6,0.75,1,0.5,4,0,1,1,1,3,0,2,6,7,7,5,6,4,5,5,6,7,6,4,4,6,6,3,5,5,5,4,3,3,5,2,3,3,6,1,6,6,2,2,4,2,5,6,6,6,2,8,0,5,3,2,34,0,0.5,0.333333333333333,2,4,4,5,5,0.428571428571429,8,2,9,5,2,2,4,5,200,0,0.5,3,5,5,5,5,0.444444444444444,8,2,5,8,2,5,4,1,24,0,0.5,3,4,5,5,5,0.5,7,2,8,5,2,2,5,1,80,0,0.5,3,2,5,5,5,0.5,6,0,2,5,1,3,5,15.7777777777778,0,0.75,5,5,5,5,5,9,0,0,8,0,0,7,1,14,5,2,3,5,5,7,7,9,8,8,8,1,0,0.25,150,0,4,5,5,5,5
"216",1,23,7121.834049,0.75,1,0,4,0,0.5,0.5,0.5,3,0,7,7,7,7,7,7,7,7,7,7,7,7,7,5,7,7,7,7,7,7,7,7,7,4,7,7,7,7,4,5,7,7,3,6,7,7,7,7,8,7,6,2,10,10,10,28.3333333333333,1,0,0.333333333333333,2,5,3,5,5,0.428571428571429,8,8,10,8,10,10,3,5,150,1,0,1,5,5,5,5,0.333333333333333,10,8,10,10,10,10,10,4,180,0,1,1,5,5,5,5,0.5,10,6,10,10,10,10,10,2,80,1,1,1,3,5,5,5,0.5,10,5,10,10,10,10,10,46.6666666666667,0,1,1,5,3,5,5,10,3,10,10,10,10,10,1,7.33333333333333,1,4,5,5,5,10,10,10,10,10,10,10,10,0.5,156.25,0,1,3,3,5,5
"217",1,22,191847.878788,0.5,1,0,4,1,1,1,1,4,1,5,7,2,2,4,2,5,6,6,6,4,6,7,7,5,5,6,7,7,6,5,1,4,7,4,6,7,6,7,7,7,3,2,4,3,3,7,4,5,1,10,7,0,4,0,7.08333333333333,0,0.75,0.333333333333333,1,5,4,3,3,0,8,8,10,9,0,8,3,9,136,0,0.75,1,5,4,4,4,0.333333333333333,9,2,10,9,0,7,10,5,60,0,0.75,1,5,5,5,4,0,10,0,10,1,0,3,7,4,144,1,0.75,1,3,4,4,3,0.25,8,0,5,8,0,9,5,14.6666666666667,0,0.75,1,5,3,3,3,9,0,1,9,0,9,0,0.75,28,1,3,4,4,4,5,5,10,10,0,10,8,8,0.25,37.5,0,5,2,3,5,4
"218",0,25,40611.441989,0.75,1,0.5,4,0,0.5,1,1,4,1,3,5,4,5,6,5,6,7,6,6,5,6,2,4,3,2,1,7,3,5,4,3,3,6,5,5,5,6,2,4,7,5,5,6,2,2,5,3,4,3,7,6,6,3,4,56.6666666666667,0,0.25,0.333333333333333,4,5,3,4,4,0.428571428571429,7,6,9,4,5,7,4,6,16,1,0.75,2,3,4,4,4,0.333333333333333,3,3,9,8,4,2,9,7,15,0,0.75,1,1,5,4,5,0,6,3,9,6,5,6,4,5,2.66666666666667,0,0.75,2,1,5,4,4,0.25,8,2,3,7,4,1,3,15.1666666666667,0,0.75,1,5,3,4,4,8,3,6,10,4,2,7,0.75,0.416666666666667,1,2,5,5,4,8,3,10,8,9,7,3,3,0.5,356.25,1,1,4,4,5,5
"219",1,27,877737.6,1,1,0,2,0,1,1,1,5,0,1,7,5,4,1,4,1,5,6,4,4,6,6,4,3,7,5,5,6,6,5,2,2,7,2,5,5,4,4,7,7,4,4,5,5,5,6,5,0,1,10,8,5,2,7,12,0,0.25,0.5,1,5,5,5,5,0.285714285714286,0,5,10,5,10,10,7,10,56.6666666666667,0,0.25,1,5,5,5,5,0.444444444444444,0,0,8,10,8,8,6,4,2,0,0.25,1,5,5,5,5,0.166666666666667,0,0,10,0,0,0,5,1,8,0,0.75,1,4,5,4,4,0.25,0,0,7,10,8,8,9,18.6666666666667,0,1,1,5,3,4,4,0,0,8,10,0,5,10,1,1,1,2,3,4,4,0,8,10,8,8,9,0,0,0.25,28.5,0,4,4,4,4,4
"221",1,28,877737.6,1,0,1,1,0,1,1,1,3,0,4,5,5,5,5,5,6,6,5,4,4,5,4,6,6,4,3,3,3,4,4,4,4,5,4,2,2,5,4,7,6,5,4,5,4,3,4,5,4,4,7,7,5,8,8,35.4166666666667,0,0.75,0.666666666666667,3,4,4,4,4,0.428571428571429,5,5,9,8,6,10,2,6,56.6666666666667,0,0.75,2,4,5,4,4,0.333333333333333,5,5,8,8,7,9,8,4,6,0,0.75,3,2,5,4,4,0.5,5,5,8,9,5,9,10,3,20,0,0.75,3,2,4,4,4,0.25,7,5,5,7,5,7,0,66,0,0.75,1,5,4,5,5,7,4,6,9,0,6,5,0.75,11.1111111111111,1,2,4,4,4,5,5,10,10,5,9,8,6,0.75,98.5,0,1,3,3,4,4
"224",0,28,877737.6,0.5,0,1,1,0,1,0,1,3,1,3,5,5,5,4,6,6,6,7,6,5,7,4,4,5,7,7,5,6,7,7,6,4,6,5,5,5,6,5,5,3,5,5,5,5,5,5,5,7,6,8,7,8,8,7,7.08333333333333,0,0,0.333333333333333,4,4,4,4,4,0.571428571428571,7,7,8,7,8,8,3,6,13.3333333333333,0,1,3,4,4,4,4,0.444444444444444,NA,NA,NA,NA,NA,NA,NA,NA,24,0,NA,3,4,4,4,4,0.166666666666667,8,8,8,6,8,5,4,2,2.66666666666667,0,1,2,4,4,4,4,0,NA,NA,NA,NA,NA,NA,NA,0,0,NA,1,4,3,4,4,NA,NA,NA,NA,NA,NA,NA,NA,0,1,3,4,4,4,3,6,8,9,8,7,8,9,0.25,0.777777777777778,0,1,3,4,4,3
"227",1,29,877737.6,1,0,1,3,1,0.5,1,1,4,1,3,4,2,4,5,4,3,4,5,4,5,6,2,3,6,7,5,3,3,6,6,4,2,4,2,5,4,5,5,5,7,4,4,5,3,2,4,6,2,6,3,0,2,2,5,34,0,0.5,0.666666666666667,3,4,3,4,5,0.428571428571429,5,6,7,6,5,6,4,4,100,1,0.5,2,4,5,5,4,0.444444444444444,3,5,5,7,6,8,4,2,24,0,0.25,3,4,4,5,5,0.333333333333333,3,6,7,8,9,9,6,2,20,0,0.75,2,1,4,3,3,0.25,4,0,0,5,1,5,7,16,0,1,1,5,3,4,4,5,3,3,6,6,3,7,0,18.3333333333333,3,2,4,4,4,5,8,8,8,8,8,8,6,0,42,NA,4,2,4,3,4
"232",1,24,877737.6,0.75,1,1,3,1,1,1,1,3,0,5,3,5,5,3,6,7,7,7,6,5,7,5,6,6,5,3,5,4,7,7,2,4,7,4,5,5,5,6,6,7,4,5,4,3,5,7,6,8,5,10,8,8,10,10,51,0,0.25,0.333333333333333,3,5,4,4,4,0.428571428571429,10,7,10,10,8,10,3,10,13.3333333333333,0,0.75,3,5,5,4,4,0.444444444444444,6,6,10,10,7,10,10,2,2,0,0.75,2,4,4,4,5,0.5,7,7,10,4,4,9,10,1,8,1,0.75,1,3,4,4,4,0.25,10,5,10,7,6,10,9,39.6666666666667,0,0.75,2,5,3,4,4,10,4,10,10,4,10,10,0.5,30,2,4,5,4,4,9,10,10,10,10,10,10,10,0.5,57,0,1,5,4,5,4
"233",0,24,877737.6,0.75,1,0,5,0,1,0.5,1,3,0,2,4,6,6,4,4,6,6,6,6,6,6,4,4,6,2,2,3,2,6,5,3,2,5,2,4,2,4,2,6,6,3,3,4,2,5,2,5,2,2,6,3,5,3,2,14.1666666666667,0,0.5,0.333333333333333,1,5,4,5,5,0.428571428571429,6,3,6,4,3,6,4,5,17,0,0.5,3,4,4,4,4,0.444444444444444,5,4,7,4,6,4,7,4,24,0,0.5,3,3,4,5,5,0.666666666666667,4,3,6,5,3,7,8,4,2.66666666666667,1,0.5,3,4,5,5,5,0.5,5,5,8,7,2,2,5,15.1111111111111,0,0.5,1,5,5,5,4,7,2,5,7,5,5,6,0.5,10.8333333333333,1,4,4,4,4,5,3,9,8,5,6,5,5,0.5,99,0,1,4,4,4,4
